------------------------------------
Starting Board: 4
Current State (Heuristic): 4
0 0 1 0 0 0 0 0 
0 1 0 0 0 0 0 1 
0 0 0 1 1 0 0 0 
0 0 0 0 0 0 1 0 
1 0 0 0 0 0 0 0 
0 0 0 0 0 0 0 0 
0 0 0 0 0 1 0 0 
0 0 0 0 0 0 0 0 

Step No.1
Current State (Heuristic): 2
0 0 0 0 0 0 0 0 
0 1 0 0 0 0 0 1 
0 0 0 1 1 0 0 0 
0 0 0 0 0 0 1 0 
1 0 0 0 0 0 0 0 
0 0 1 0 0 0 0 0 
0 0 0 0 0 1 0 0 
0 0 0 0 0 0 0 0 

Failure!
Current State (Heuristic): 2
0 0 0 0 0 0 0 0 
0 1 0 0 0 0 0 1 
0 0 0 1 1 0 0 0 
0 0 0 0 0 0 1 0 
1 0 0 0 0 0 0 0 
0 0 1 0 0 0 0 0 
0 0 0 0 0 1 0 0 
0 0 0 0 0 0 0 0 
Total Steps Taken: 1


------------------------------------
Starting Board: 12
Current State (Heuristic): 12
0 0 1 0 0 0 0 0 
0 0 0 0 0 0 0 0 
0 0 0 0 1 0 0 1 
0 1 0 0 0 1 1 0 
0 0 0 0 0 0 0 0 
0 0 0 0 0 0 0 0 
1 0 0 1 0 0 0 0 
0 0 0 0 0 0 0 0 

Step No.1
Current State (Heuristic): 9
0 0 1 0 0 0 0 0 
0 0 0 0 0 0 1 0 
0 0 0 0 1 0 0 1 
0 1 0 0 0 1 0 0 
0 0 0 0 0 0 0 0 
0 0 0 0 0 0 0 0 
1 0 0 1 0 0 0 0 
0 0 0 0 0 0 0 0 

Step No.2
Current State (Heuristic): 6
0 0 1 0 0 0 0 0 
0 0 0 0 1 0 1 0 
0 0 0 0 0 0 0 1 
0 1 0 0 0 1 0 0 
0 0 0 0 0 0 0 0 
0 0 0 0 0 0 0 0 
1 0 0 1 0 0 0 0 
0 0 0 0 0 0 0 0 

Step No.3
Current State (Heuristic): 4
0 0 1 0 0 0 0 0 
0 0 0 0 1 0 1 0 
0 0 0 0 0 0 0 0 
0 1 0 0 0 1 0 0 
0 0 0 0 0 0 0 0 
0 0 0 0 0 0 0 0 
1 0 0 1 0 0 0 0 
0 0 0 0 0 0 0 1 

Step No.4
Current State (Heuristic): 3
0 0 1 0 0 0 0 0 
0 0 0 0 1 0 0 0 
0 0 0 0 0 0 0 0 
0 1 0 0 0 1 0 0 
0 0 0 0 0 0 0 0 
0 0 0 0 0 0 1 0 
1 0 0 1 0 0 0 0 
0 0 0 0 0 0 0 1 

Step No.5
Current State (Heuristic): 2
0 0 1 0 0 0 0 0 
0 0 0 0 1 0 0 0 
0 0 0 0 0 0 0 0 
0 1 0 0 0 1 0 0 
0 0 0 1 0 0 0 0 
0 0 0 0 0 0 1 0 
1 0 0 0 0 0 0 0 
0 0 0 0 0 0 0 1 

Failure!
Current State (Heuristic): 2
0 0 1 0 0 0 0 0 
0 0 0 0 1 0 0 0 
0 0 0 0 0 0 0 0 
0 1 0 0 0 1 0 0 
0 0 0 1 0 0 0 0 
0 0 0 0 0 0 1 0 
1 0 0 0 0 0 0 0 
0 0 0 0 0 0 0 1 
Total Steps Taken: 5


------------------------------------
Starting Board: 6
Current State (Heuristic): 6
1 0 0 0 0 0 0 1 
0 0 0 1 1 0 0 0 
0 1 0 0 0 0 0 0 
0 0 0 0 0 0 0 0 
0 0 1 0 0 0 1 0 
0 0 0 0 0 1 0 0 
0 0 0 0 0 0 0 0 
0 0 0 0 0 0 0 0 

Step No.1
Current State (Heuristic): 5
0 0 0 0 0 0 0 1 
0 0 0 1 1 0 0 0 
0 1 0 0 0 0 0 0 
1 0 0 0 0 0 0 0 
0 0 1 0 0 0 1 0 
0 0 0 0 0 1 0 0 
0 0 0 0 0 0 0 0 
0 0 0 0 0 0 0 0 

Step No.2
Current State (Heuristic): 4
0 0 0 0 0 0 0 1 
0 0 0 1 1 0 0 0 
0 1 0 0 0 0 0 0 
1 0 0 0 0 0 1 0 
0 0 1 0 0 0 0 0 
0 0 0 0 0 1 0 0 
0 0 0 0 0 0 0 0 
0 0 0 0 0 0 0 0 

Step No.3
Current State (Heuristic): 3
0 0 0 0 0 0 0 1 
0 0 0 1 1 0 0 0 
0 0 0 0 0 0 0 0 
1 0 0 0 0 0 1 0 
0 0 1 0 0 0 0 0 
0 0 0 0 0 1 0 0 
0 0 0 0 0 0 0 0 
0 1 0 0 0 0 0 0 

Step No.4
Current State (Heuristic): 2
0 0 0 0 0 0 0 1 
0 0 0 1 1 0 0 0 
0 0 0 0 0 0 0 0 
1 0 0 0 0 0 0 0 
0 0 1 0 0 0 0 0 
0 0 0 0 0 1 1 0 
0 0 0 0 0 0 0 0 
0 1 0 0 0 0 0 0 

Failure!
Current State (Heuristic): 2
0 0 0 0 0 0 0 1 
0 0 0 1 1 0 0 0 
0 0 0 0 0 0 0 0 
1 0 0 0 0 0 0 0 
0 0 1 0 0 0 0 0 
0 0 0 0 0 1 1 0 
0 0 0 0 0 0 0 0 
0 1 0 0 0 0 0 0 
Total Steps Taken: 4