------------------------------------
Starting Board
Current State (Heuristic): 9
0 1 0 1 0 0 0 0 
0 0 0 0 1 0 0 0 
0 0 1 0 0 0 0 0 
0 0 0 0 0 0 0 0 
1 0 0 0 0 0 1 1 
0 0 0 0 0 0 0 0 
0 0 0 0 0 1 0 0 
0 0 0 0 0 0 0 0 

Step No.1
Current State (Heuristic): 7
0 1 0 1 0 0 0 0 
0 0 0 0 1 0 0 0 
0 0 1 0 0 0 0 0 
0 0 0 0 0 0 0 0 
0 0 0 0 0 0 1 1 
0 0 0 0 0 0 0 0 
1 0 0 0 0 1 0 0 
0 0 0 0 0 0 0 0 

Step No.2
Current State (Heuristic): 5
0 1 0 0 0 0 0 0 
0 0 0 0 1 0 0 0 
0 0 1 0 0 0 0 0 
0 0 0 0 0 0 0 0 
0 0 0 0 0 0 1 1 
0 0 0 0 0 0 0 0 
1 0 0 0 0 1 0 0 
0 0 0 1 0 0 0 0 

Step No.3
Current State (Heuristic): 3
0 1 0 0 0 0 0 0 
0 0 0 0 1 0 0 1 
0 0 1 0 0 0 0 0 
0 0 0 0 0 0 0 0 
0 0 0 0 0 0 1 0 
0 0 0 0 0 0 0 0 
1 0 0 0 0 1 0 0 
0 0 0 1 0 0 0 0 

Step No.4
Current State (Heuristic): 2
0 1 0 0 0 0 0 0 
0 0 0 0 1 0 0 1 
0 0 1 0 0 0 0 0 
1 0 0 0 0 0 0 0 
0 0 0 0 0 0 1 0 
0 0 0 0 0 0 0 0 
0 0 0 0 0 1 0 0 
0 0 0 1 0 0 0 0 
Random Restart!


------------------------------------
Starting Board
Current State (Heuristic): 8
0 0 0 0 0 0 0 0 
0 0 1 0 0 0 1 0 
0 0 0 0 0 0 0 1 
0 0 0 0 0 0 0 0 
0 1 0 0 0 0 0 0 
1 0 0 1 0 1 0 0 
0 0 0 0 1 0 0 0 
0 0 0 0 0 0 0 0 

Step No.5
Current State (Heuristic): 6
1 0 0 0 0 0 0 0 
0 0 1 0 0 0 1 0 
0 0 0 0 0 0 0 1 
0 0 0 0 0 0 0 0 
0 1 0 0 0 0 0 0 
0 0 0 1 0 1 0 0 
0 0 0 0 1 0 0 0 
0 0 0 0 0 0 0 0 

Step No.6
Current State (Heuristic): 4
1 0 0 0 0 0 0 0 
0 0 1 0 0 0 1 0 
0 0 0 0 0 0 0 1 
0 0 0 0 0 0 0 0 
0 1 0 0 0 0 0 0 
0 0 0 1 0 0 0 0 
0 0 0 0 1 1 0 0 
0 0 0 0 0 0 0 0 

Step No.7
Current State (Heuristic): 3
1 0 0 0 0 0 0 0 
0 0 1 0 0 0 0 0 
0 0 0 0 0 0 0 1 
0 0 0 0 0 0 0 0 
0 1 0 0 0 0 0 0 
0 0 0 1 0 0 0 0 
0 0 0 0 1 1 0 0 
0 0 0 0 0 0 1 0 

Step No.8
Current State (Heuristic): 2
1 0 0 0 0 0 0 0 
0 0 1 0 0 0 0 0 
0 0 0 0 1 0 0 1 
0 0 0 0 0 0 0 0 
0 1 0 0 0 0 0 0 
0 0 0 1 0 0 0 0 
0 0 0 0 0 1 0 0 
0 0 0 0 0 0 1 0 

Step No.9
Current State (Heuristic): 1
1 0 0 0 0 0 0 0 
0 0 1 0 0 0 0 0 
0 0 0 0 1 0 0 0 
0 0 0 0 0 0 0 1 
0 1 0 0 0 0 0 0 
0 0 0 1 0 0 0 0 
0 0 0 0 0 1 0 0 
0 0 0 0 0 0 1 0 
Random Restart!


------------------------------------
Starting Board
Current State (Heuristic): 10
0 0 0 1 0 1 1 0 
0 0 0 0 0 0 0 0 
0 1 0 0 0 0 0 0 
0 0 1 0 0 0 0 0 
0 0 0 0 1 0 0 1 
1 0 0 0 0 0 0 0 
0 0 0 0 0 0 0 0 
0 0 0 0 0 0 0 0 

Step No.10
Current State (Heuristic): 8
0 0 0 1 0 0 1 0 
0 0 0 0 0 0 0 0 
0 1 0 0 0 0 0 0 
0 0 1 0 0 0 0 0 
0 0 0 0 1 1 0 1 
1 0 0 0 0 0 0 0 
0 0 0 0 0 0 0 0 
0 0 0 0 0 0 0 0 

Step No.11
Current State (Heuristic): 7
0 0 0 1 0 0 1 0 
0 0 0 0 0 0 0 0 
0 1 0 0 0 0 0 1 
0 0 1 0 0 0 0 0 
0 0 0 0 1 1 0 0 
1 0 0 0 0 0 0 0 
0 0 0 0 0 0 0 0 
0 0 0 0 0 0 0 0 

Step No.12
Current State (Heuristic): 5
0 0 0 1 0 0 1 0 
0 0 0 0 0 0 0 0 
0 0 0 0 0 0 0 1 
0 0 1 0 0 0 0 0 
0 0 0 0 1 1 0 0 
1 0 0 0 0 0 0 0 
0 0 0 0 0 0 0 0 
0 1 0 0 0 0 0 0 

Step No.13
Current State (Heuristic): 4
0 0 0 1 0 0 1 0 
0 0 0 0 0 0 0 0 
0 0 0 0 0 0 0 1 
0 0 1 0 0 0 0 0 
0 0 0 0 1 0 0 0 
1 0 0 0 0 0 0 0 
0 0 0 0 0 1 0 0 
0 1 0 0 0 0 0 0 

Step No.14
Current State (Heuristic): 3
0 0 0 1 0 0 1 0 
0 0 1 0 0 0 0 0 
0 0 0 0 0 0 0 1 
0 0 0 0 0 0 0 0 
0 0 0 0 1 0 0 0 
1 0 0 0 0 0 0 0 
0 0 0 0 0 1 0 0 
0 1 0 0 0 0 0 0 

Step No.15
Current State (Heuristic): 2
0 0 0 0 0 0 1 0 
0 0 1 1 0 0 0 0 
0 0 0 0 0 0 0 1 
0 0 0 0 0 0 0 0 
0 0 0 0 1 0 0 0 
1 0 0 0 0 0 0 0 
0 0 0 0 0 1 0 0 
0 1 0 0 0 0 0 0 
Random Restart!


------------------------------------
Starting Board
Current State (Heuristic): 9
0 1 0 0 0 0 0 0 
0 0 0 1 0 0 0 0 
0 0 1 0 1 0 0 0 
0 0 0 0 0 1 0 1 
1 0 0 0 0 0 0 0 
0 0 0 0 0 0 0 0 
0 0 0 0 0 0 1 0 
0 0 0 0 0 0 0 0 

Step No.16
Current State (Heuristic): 8
0 1 0 0 0 0 0 0 
0 0 0 1 0 0 0 0 
0 0 1 0 1 0 0 0 
0 0 0 0 0 0 0 1 
1 0 0 0 0 1 0 0 
0 0 0 0 0 0 0 0 
0 0 0 0 0 0 1 0 
0 0 0 0 0 0 0 0 

Step No.17
Current State (Heuristic): 7
0 1 0 0 0 1 0 0 
0 0 0 1 0 0 0 0 
0 0 1 0 1 0 0 0 
0 0 0 0 0 0 0 1 
1 0 0 0 0 0 0 0 
0 0 0 0 0 0 0 0 
0 0 0 0 0 0 1 0 
0 0 0 0 0 0 0 0 

Step No.18
Current State (Heuristic): 5
0 1 0 0 0 1 0 0 
0 0 0 1 0 0 0 0 
0 0 0 0 1 0 0 0 
0 0 0 0 0 0 0 1 
1 0 0 0 0 0 0 0 
0 0 0 0 0 0 0 0 
0 0 1 0 0 0 1 0 
0 0 0 0 0 0 0 0 

Step No.19
Current State (Heuristic): 4
0 1 0 0 0 1 0 0 
0 0 0 1 0 0 0 0 
0 0 0 0 0 0 0 0 
0 0 0 0 0 0 0 1 
1 0 0 0 0 0 0 0 
0 0 0 0 0 0 0 0 
0 0 1 0 0 0 1 0 
0 0 0 0 1 0 0 0 

Step No.20
Current State (Heuristic): 3
0 1 0 0 0 1 0 0 
0 0 0 1 0 0 0 0 
0 0 0 0 0 0 0 0 
0 0 0 0 0 0 0 1 
0 0 0 0 0 0 0 0 
0 0 0 0 0 0 0 0 
0 0 1 0 0 0 1 0 
1 0 0 0 1 0 0 0 

Step No.21
Current State (Heuristic): 2
0 0 0 0 0 1 0 0 
0 0 0 1 0 0 0 0 
0 1 0 0 0 0 0 0 
0 0 0 0 0 0 0 1 
0 0 0 0 0 0 0 0 
0 0 0 0 0 0 0 0 
0 0 1 0 0 0 1 0 
1 0 0 0 1 0 0 0 

Step No.22
Current State (Heuristic): 1
0 0 0 0 0 1 0 0 
0 0 0 1 0 0 0 0 
0 1 0 0 0 0 0 0 
0 0 0 0 0 0 0 1 
0 0 1 0 0 0 0 0 
0 0 0 0 0 0 0 0 
0 0 0 0 0 0 1 0 
1 0 0 0 1 0 0 0 
Random Restart!


------------------------------------
Starting Board
Current State (Heuristic): 6
0 0 0 1 0 0 0 0 
0 0 1 0 0 0 0 1 
0 0 0 0 0 1 1 0 
0 0 0 0 0 0 0 0 
1 0 0 0 0 0 0 0 
0 0 0 0 1 0 0 0 
0 1 0 0 0 0 0 0 
0 0 0 0 0 0 0 0 

Step No.23
Current State (Heuristic): 4
0 0 0 1 0 1 0 0 
0 0 1 0 0 0 0 1 
0 0 0 0 0 0 1 0 
0 0 0 0 0 0 0 0 
1 0 0 0 0 0 0 0 
0 0 0 0 1 0 0 0 
0 1 0 0 0 0 0 0 
0 0 0 0 0 0 0 0 

Step No.24
Current State (Heuristic): 3
0 0 0 1 0 1 0 0 
0 0 1 0 0 0 0 0 
0 0 0 0 0 0 1 0 
0 0 0 0 0 0 0 1 
1 0 0 0 0 0 0 0 
0 0 0 0 1 0 0 0 
0 1 0 0 0 0 0 0 
0 0 0 0 0 0 0 0 

Step No.25
Current State (Heuristic): 2
0 0 0 0 0 1 0 0 
0 0 1 0 0 0 0 0 
0 0 0 0 0 0 1 0 
0 0 0 1 0 0 0 1 
1 0 0 0 0 0 0 0 
0 0 0 0 1 0 0 0 
0 1 0 0 0 0 0 0 
0 0 0 0 0 0 0 0 

Step No.26
Current State (Heuristic): 1
0 0 0 0 0 1 0 0 
0 0 1 0 0 0 0 0 
0 0 0 0 0 0 1 0 
0 0 0 1 0 0 0 0 
1 0 0 0 0 0 0 0 
0 0 0 0 1 0 0 0 
0 1 0 0 0 0 0 0 
0 0 0 0 0 0 0 1 
Random Restart!


------------------------------------
Starting Board
Current State (Heuristic): 10
1 0 0 0 1 0 1 0 
0 0 0 0 0 0 0 1 
0 0 0 1 0 0 0 0 
0 0 0 0 0 0 0 0 
0 1 1 0 0 1 0 0 
0 0 0 0 0 0 0 0 
0 0 0 0 0 0 0 0 
0 0 0 0 0 0 0 0 

Step No.27
Current State (Heuristic): 9
1 0 0 0 1 0 1 0 
0 0 0 0 0 0 0 1 
0 0 0 1 0 0 0 0 
0 0 0 0 0 0 0 0 
0 0 1 0 0 1 0 0 
0 1 0 0 0 0 0 0 
0 0 0 0 0 0 0 0 
0 0 0 0 0 0 0 0 

Step No.28
Current State (Heuristic): 7
0 0 0 0 1 0 1 0 
0 0 0 0 0 0 0 1 
0 0 0 1 0 0 0 0 
0 0 0 0 0 0 0 0 
0 0 1 0 0 1 0 0 
0 1 0 0 0 0 0 0 
0 0 0 0 0 0 0 0 
1 0 0 0 0 0 0 0 

Step No.29
Current State (Heuristic): 6
0 0 0 0 1 0 1 0 
0 0 0 0 0 0 0 1 
0 1 0 1 0 0 0 0 
0 0 0 0 0 0 0 0 
0 0 1 0 0 1 0 0 
0 0 0 0 0 0 0 0 
0 0 0 0 0 0 0 0 
1 0 0 0 0 0 0 0 

Step No.30
Current State (Heuristic): 5
0 0 0 0 1 0 1 0 
0 0 0 0 0 0 0 1 
0 1 0 0 0 0 0 0 
0 0 0 0 0 0 0 0 
0 0 1 0 0 1 0 0 
0 0 0 0 0 0 0 0 
0 0 0 1 0 0 0 0 
1 0 0 0 0 0 0 0 

Step No.31
Current State (Heuristic): 4
0 0 0 0 1 0 0 0 
0 0 0 0 0 0 0 1 
0 1 0 0 0 0 0 0 
0 0 0 0 0 0 1 0 
0 0 1 0 0 1 0 0 
0 0 0 0 0 0 0 0 
0 0 0 1 0 0 0 0 
1 0 0 0 0 0 0 0 

Step No.32
Current State (Heuristic): 1
0 0 0 0 1 0 0 0 
0 0 0 0 0 0 0 1 
0 1 0 0 0 0 0 0 
0 0 0 0 0 0 1 0 
0 0 1 0 0 0 0 0 
0 0 0 0 0 1 0 0 
0 0 0 1 0 0 0 0 
1 0 0 0 0 0 0 0 
Random Restart!


------------------------------------
Starting Board
Current State (Heuristic): 10
0 0 0 0 0 0 0 0 
0 0 0 0 0 0 0 0 
1 0 0 0 0 0 0 0 
0 0 1 1 0 0 0 0 
0 1 0 0 1 1 1 0 
0 0 0 0 0 0 0 0 
0 0 0 0 0 0 0 1 
0 0 0 0 0 0 0 0 

Step No.33
Current State (Heuristic): 9
0 0 0 0 0 0 0 0 
0 0 0 1 0 0 0 0 
1 0 0 0 0 0 0 0 
0 0 1 0 0 0 0 0 
0 1 0 0 1 1 1 0 
0 0 0 0 0 0 0 0 
0 0 0 0 0 0 0 1 
0 0 0 0 0 0 0 0 

Step No.34
Current State (Heuristic): 8
0 0 0 0 0 0 0 1 
0 0 0 1 0 0 0 0 
1 0 0 0 0 0 0 0 
0 0 1 0 0 0 0 0 
0 1 0 0 1 1 1 0 
0 0 0 0 0 0 0 0 
0 0 0 0 0 0 0 0 
0 0 0 0 0 0 0 0 

Step No.35
Current State (Heuristic): 7
0 0 0 0 0 0 0 1 
0 1 0 1 0 0 0 0 
1 0 0 0 0 0 0 0 
0 0 1 0 0 0 0 0 
0 0 0 0 1 1 1 0 
0 0 0 0 0 0 0 0 
0 0 0 0 0 0 0 0 
0 0 0 0 0 0 0 0 

Step No.36
Current State (Heuristic): 6
0 0 0 0 0 0 0 1 
0 1 0 1 0 0 0 0 
1 0 0 0 0 0 0 0 
0 0 1 0 0 0 0 0 
0 0 0 0 0 1 1 0 
0 0 0 0 1 0 0 0 
0 0 0 0 0 0 0 0 
0 0 0 0 0 0 0 0 

Step No.37
Current State (Heuristic): 5
0 0 0 0 0 0 0 1 
0 1 0 1 0 0 0 0 
1 0 0 0 0 0 0 0 
0 0 1 0 0 0 0 0 
0 0 0 0 0 0 1 0 
0 0 0 0 1 0 0 0 
0 0 0 0 0 0 0 0 
0 0 0 0 0 1 0 0 

Step No.38
Current State (Heuristic): 4
0 1 0 0 0 0 0 1 
0 0 0 1 0 0 0 0 
1 0 0 0 0 0 0 0 
0 0 1 0 0 0 0 0 
0 0 0 0 0 0 1 0 
0 0 0 0 1 0 0 0 
0 0 0 0 0 0 0 0 
0 0 0 0 0 1 0 0 

Step No.39
Current State (Heuristic): 3
0 1 0 0 0 0 0 1 
0 0 0 1 0 0 0 0 
1 0 0 0 0 0 0 0 
0 0 0 0 0 0 0 0 
0 0 0 0 0 0 1 0 
0 0 0 0 1 0 0 0 
0 0 1 0 0 0 0 0 
0 0 0 0 0 1 0 0 

Step No.40
Current State (Heuristic): 2
0 1 0 0 0 0 0 1 
0 0 0 0 0 0 0 0 
1 0 0 0 0 0 0 0 
0 0 0 1 0 0 0 0 
0 0 0 0 0 0 1 0 
0 0 0 0 1 0 0 0 
0 0 1 0 0 0 0 0 
0 0 0 0 0 1 0 0 
Random Restart!


------------------------------------
Starting Board
Current State (Heuristic): 7
1 0 0 0 0 0 0 0 
0 0 1 1 1 0 0 0 
0 0 0 0 0 0 0 0 
0 0 0 0 0 1 0 0 
0 0 0 0 0 0 0 0 
0 1 0 0 0 0 0 0 
0 0 0 0 0 0 1 1 
0 0 0 0 0 0 0 0 

Step No.41
Current State (Heuristic): 6
1 0 0 0 0 0 0 0 
0 0 1 1 1 0 0 0 
0 0 0 0 0 0 0 0 
0 0 0 0 0 1 0 1 
0 0 0 0 0 0 0 0 
0 1 0 0 0 0 0 0 
0 0 0 0 0 0 1 0 
0 0 0 0 0 0 0 0 

Step No.42
Current State (Heuristic): 4
1 0 0 0 0 0 0 0 
0 0 1 0 1 0 0 0 
0 0 0 0 0 0 0 0 
0 0 0 0 0 1 0 1 
0 0 0 0 0 0 0 0 
0 1 0 0 0 0 0 0 
0 0 0 1 0 0 1 0 
0 0 0 0 0 0 0 0 

Step No.43
Current State (Heuristic): 2
1 0 0 0 0 0 0 0 
0 0 1 0 1 0 0 0 
0 0 0 0 0 0 0 0 
0 0 0 0 0 1 0 1 
0 0 0 0 0 0 0 0 
0 1 0 0 0 0 0 0 
0 0 0 1 0 0 0 0 
0 0 0 0 0 0 1 0 
Random Restart!


------------------------------------
Starting Board
Current State (Heuristic): 7
0 0 0 0 0 0 0 0 
1 0 0 0 0 0 0 0 
0 0 0 0 1 0 0 0 
0 0 1 0 0 0 0 0 
0 0 0 0 0 1 0 0 
0 0 0 0 0 0 0 1 
0 1 0 1 0 0 1 0 
0 0 0 0 0 0 0 0 

Step No.44
Current State (Heuristic): 5
0 0 0 0 0 0 0 0 
1 0 0 0 0 0 0 0 
0 0 0 0 1 0 1 0 
0 0 1 0 0 0 0 0 
0 0 0 0 0 1 0 0 
0 0 0 0 0 0 0 1 
0 1 0 1 0 0 0 0 
0 0 0 0 0 0 0 0 

Step No.45
Current State (Heuristic): 3
0 0 0 1 0 0 0 0 
1 0 0 0 0 0 0 0 
0 0 0 0 1 0 1 0 
0 0 1 0 0 0 0 0 
0 0 0 0 0 1 0 0 
0 0 0 0 0 0 0 1 
0 1 0 0 0 0 0 0 
0 0 0 0 0 0 0 0 

Step No.46
Current State (Heuristic): 1
0 0 0 1 0 0 0 0 
1 0 0 0 0 0 0 0 
0 0 0 0 0 0 1 0 
0 0 1 0 0 0 0 0 
0 0 0 0 0 1 0 0 
0 0 0 0 0 0 0 1 
0 1 0 0 0 0 0 0 
0 0 0 0 1 0 0 0 
Random Restart!


------------------------------------
Starting Board
Current State (Heuristic): 9
1 1 0 0 1 0 0 0 
0 0 0 0 0 0 0 1 
0 0 0 0 0 0 1 0 
0 0 1 0 0 1 0 0 
0 0 0 1 0 0 0 0 
0 0 0 0 0 0 0 0 
0 0 0 0 0 0 0 0 
0 0 0 0 0 0 0 0 

Step No.47
Current State (Heuristic): 7
1 0 0 0 1 0 0 0 
0 0 0 0 0 0 0 1 
0 0 0 0 0 0 1 0 
0 0 1 0 0 1 0 0 
0 0 0 1 0 0 0 0 
0 1 0 0 0 0 0 0 
0 0 0 0 0 0 0 0 
0 0 0 0 0 0 0 0 

Step No.48
Current State (Heuristic): 5
1 0 0 0 1 0 0 0 
0 0 0 0 0 0 0 1 
0 0 0 0 0 0 1 0 
0 0 1 0 0 0 0 0 
0 0 0 1 0 1 0 0 
0 1 0 0 0 0 0 0 
0 0 0 0 0 0 0 0 
0 0 0 0 0 0 0 0 

Step No.49
Current State (Heuristic): 4
1 0 0 0 1 0 0 0 
0 0 0 0 0 0 0 1 
0 0 0 0 0 0 0 0 
0 0 1 0 0 0 0 0 
0 0 0 1 0 1 0 0 
0 1 0 0 0 0 0 0 
0 0 0 0 0 0 1 0 
0 0 0 0 0 0 0 0 

Step No.50
Current State (Heuristic): 3
1 0 0 0 1 0 0 0 
0 0 0 0 0 0 0 1 
0 0 0 0 0 0 0 0 
0 0 1 0 0 0 0 0 
0 0 0 0 0 1 0 0 
0 1 0 0 0 0 0 0 
0 0 0 0 0 0 1 0 
0 0 0 1 0 0 0 0 

Step No.51
Current State (Heuristic): 2
0 0 0 0 1 0 0 0 
0 0 0 0 0 0 0 1 
0 0 0 0 0 0 0 0 
0 0 1 0 0 0 0 0 
0 0 0 0 0 1 0 0 
0 1 0 0 0 0 0 0 
0 0 0 0 0 0 1 0 
1 0 0 1 0 0 0 0 

Step No.52
Current State (Heuristic): 1
0 0 0 1 1 0 0 0 
0 0 0 0 0 0 0 1 
0 0 0 0 0 0 0 0 
0 0 1 0 0 0 0 0 
0 0 0 0 0 1 0 0 
0 1 0 0 0 0 0 0 
0 0 0 0 0 0 1 0 
1 0 0 0 0 0 0 0 
Random Restart!


------------------------------------
Starting Board
Current State (Heuristic): 6
0 0 0 1 0 0 0 0 
0 0 0 0 0 0 1 1 
1 0 1 0 0 0 0 0 
0 0 0 0 1 0 0 0 
0 0 0 0 0 0 0 0 
0 0 0 0 0 0 0 0 
0 1 0 0 0 1 0 0 
0 0 0 0 0 0 0 0 

Step No.53
Current State (Heuristic): 3
0 0 0 1 0 0 0 0 
0 0 0 0 0 0 1 1 
1 0 1 0 0 0 0 0 
0 0 0 0 1 0 0 0 
0 0 0 0 0 0 0 0 
0 1 0 0 0 0 0 0 
0 0 0 0 0 1 0 0 
0 0 0 0 0 0 0 0 

Step No.54
Current State (Heuristic): 1
0 0 0 1 0 0 0 0 
0 0 0 0 0 0 0 1 
1 0 1 0 0 0 0 0 
0 0 0 0 1 0 0 0 
0 0 0 0 0 0 1 0 
0 1 0 0 0 0 0 0 
0 0 0 0 0 1 0 0 
0 0 0 0 0 0 0 0 

Step No.55
Current State (Heuristic): 0
0 0 0 1 0 0 0 0 
0 0 0 0 0 0 0 1 
1 0 0 0 0 0 0 0 
0 0 0 0 1 0 0 0 
0 0 0 0 0 0 1 0 
0 1 0 0 0 0 0 0 
0 0 0 0 0 1 0 0 
0 0 1 0 0 0 0 0 

Success!
Total Steps Taken: 55


------------------------------------
Starting Board
Current State (Heuristic): 10
0 1 0 1 0 0 0 0 
0 0 1 0 0 0 1 1 
0 0 0 0 0 0 0 0 
0 0 0 0 0 0 0 0 
0 0 0 0 1 1 0 0 
1 0 0 0 0 0 0 0 
0 0 0 0 0 0 0 0 
0 0 0 0 0 0 0 0 

Step No.1
Current State (Heuristic): 9
0 0 0 1 0 0 0 0 
0 0 1 0 0 0 1 1 
0 0 0 0 0 0 0 0 
0 0 0 0 0 0 0 0 
0 0 0 0 1 1 0 0 
1 0 0 0 0 0 0 0 
0 0 0 0 0 0 0 0 
0 1 0 0 0 0 0 0 

Step No.2
Current State (Heuristic): 7
0 0 0 1 0 0 0 0 
0 0 1 0 0 0 1 1 
0 0 0 0 0 0 0 0 
0 0 0 0 0 0 0 0 
0 0 0 0 0 1 0 0 
1 0 0 0 0 0 0 0 
0 0 0 0 0 0 0 0 
0 1 0 0 1 0 0 0 

Step No.3
Current State (Heuristic): 4
0 0 0 1 0 0 0 0 
0 0 0 0 0 0 1 1 
0 0 0 0 0 0 0 0 
0 0 0 0 0 0 0 0 
0 0 1 0 0 1 0 0 
1 0 0 0 0 0 0 0 
0 0 0 0 0 0 0 0 
0 1 0 0 1 0 0 0 

Step No.4
Current State (Heuristic): 3
0 0 0 1 0 0 0 0 
0 0 0 0 0 0 1 1 
0 0 0 0 0 0 0 0 
0 1 0 0 0 0 0 0 
0 0 1 0 0 1 0 0 
1 0 0 0 0 0 0 0 
0 0 0 0 0 0 0 0 
0 0 0 0 1 0 0 0 

Step No.5
Current State (Heuristic): 2
0 0 0 1 0 0 0 0 
0 0 0 0 0 0 1 1 
0 0 1 0 0 0 0 0 
0 1 0 0 0 0 0 0 
0 0 0 0 0 1 0 0 
1 0 0 0 0 0 0 0 
0 0 0 0 0 0 0 0 
0 0 0 0 1 0 0 0 
Random Restart!


------------------------------------
Starting Board
Current State (Heuristic): 9
0 0 0 0 0 0 0 1 
0 0 0 0 0 0 0 0 
0 0 0 0 0 0 1 0 
0 0 0 1 0 1 0 0 
1 0 0 0 0 0 0 0 
0 1 0 0 1 0 0 0 
0 0 1 0 0 0 0 0 
0 0 0 0 0 0 0 0 

Step No.6
Current State (Heuristic): 8
0 0 0 0 0 0 0 1 
0 0 0 0 0 0 0 0 
0 0 0 1 0 0 1 0 
0 0 0 0 0 1 0 0 
1 0 0 0 0 0 0 0 
0 1 0 0 1 0 0 0 
0 0 1 0 0 0 0 0 
0 0 0 0 0 0 0 0 

Step No.7
Current State (Heuristic): 5
0 0 0 0 0 0 0 1 
0 0 0 0 0 0 0 0 
0 0 0 1 0 0 1 0 
0 0 0 0 0 1 0 0 
1 0 0 0 0 0 0 0 
0 1 0 0 1 0 0 0 
0 0 0 0 0 0 0 0 
0 0 1 0 0 0 0 0 

Step No.8
Current State (Heuristic): 4
0 0 0 0 0 0 0 1 
0 0 0 0 1 0 0 0 
0 0 0 1 0 0 1 0 
0 0 0 0 0 1 0 0 
1 0 0 0 0 0 0 0 
0 1 0 0 0 0 0 0 
0 0 0 0 0 0 0 0 
0 0 1 0 0 0 0 0 

Step No.9
Current State (Heuristic): 3
0 0 0 0 0 0 0 1 
0 0 0 0 1 0 0 0 
0 0 0 1 0 0 0 0 
0 0 0 0 0 1 0 0 
1 0 0 0 0 0 0 0 
0 1 0 0 0 0 0 0 
0 0 0 0 0 0 0 0 
0 0 1 0 0 0 1 0 

Step No.10
Current State (Heuristic): 2
0 0 0 0 0 0 0 1 
0 0 0 0 1 0 0 0 
0 0 0 1 0 0 0 0 
0 0 0 0 0 1 0 0 
1 0 0 0 0 0 0 0 
0 1 0 0 0 0 0 0 
0 0 0 0 0 0 1 0 
0 0 1 0 0 0 0 0 
Random Restart!


------------------------------------
Starting Board
Current State (Heuristic): 6
1 0 0 0 0 0 0 0 
0 0 1 0 0 1 0 0 
0 0 0 0 0 0 0 1 
0 0 0 0 0 0 0 0 
0 1 0 1 0 0 1 0 
0 0 0 0 1 0 0 0 
0 0 0 0 0 0 0 0 
0 0 0 0 0 0 0 0 

Step No.11
Current State (Heuristic): 5
1 0 0 0 0 0 0 0 
0 0 1 0 0 1 0 0 
0 0 0 0 0 0 0 1 
0 0 0 0 0 0 0 0 
0 0 0 1 0 0 1 0 
0 0 0 0 1 0 0 0 
0 1 0 0 0 0 0 0 
0 0 0 0 0 0 0 0 

Step No.12
Current State (Heuristic): 3
1 0 0 0 0 0 0 0 
0 0 1 0 0 1 0 0 
0 0 0 0 0 0 0 1 
0 0 0 0 0 0 0 0 
0 0 0 0 0 0 1 0 
0 0 0 0 1 0 0 0 
0 1 0 0 0 0 0 0 
0 0 0 1 0 0 0 0 
Random Restart!


------------------------------------
Starting Board
Current State (Heuristic): 6
0 0 1 0 0 0 0 0 
0 0 0 1 0 1 1 0 
0 0 0 0 0 0 0 0 
1 0 0 0 0 0 0 0 
0 1 0 0 0 0 0 1 
0 0 0 0 0 0 0 0 
0 0 0 0 1 0 0 0 
0 0 0 0 0 0 0 0 

Step No.13
Current State (Heuristic): 5
0 0 1 0 0 0 0 0 
0 0 0 0 0 1 1 0 
0 0 0 0 0 0 0 0 
1 0 0 1 0 0 0 0 
0 1 0 0 0 0 0 1 
0 0 0 0 0 0 0 0 
0 0 0 0 1 0 0 0 
0 0 0 0 0 0 0 0 

Step No.14
Current State (Heuristic): 4
0 0 1 0 0 0 0 0 
0 0 0 0 0 1 0 0 
0 0 0 0 0 0 0 0 
1 0 0 1 0 0 0 0 
0 1 0 0 0 0 0 1 
0 0 0 0 0 0 0 0 
0 0 0 0 1 0 0 0 
0 0 0 0 0 0 1 0 

Step No.15
Current State (Heuristic): 3
0 0 1 0 0 0 0 0 
0 0 0 0 0 1 0 0 
0 0 0 1 0 0 0 0 
1 0 0 0 0 0 0 0 
0 1 0 0 0 0 0 1 
0 0 0 0 0 0 0 0 
0 0 0 0 1 0 0 0 
0 0 0 0 0 0 1 0 

Step No.16
Current State (Heuristic): 2
0 0 1 0 0 0 0 0 
0 0 0 0 0 1 0 0 
0 0 0 1 0 0 0 0 
1 1 0 0 0 0 0 0 
0 0 0 0 0 0 0 1 
0 0 0 0 0 0 0 0 
0 0 0 0 1 0 0 0 
0 0 0 0 0 0 1 0 

Step No.17
Current State (Heuristic): 1
0 0 1 0 0 0 0 0 
0 0 0 0 0 1 0 0 
0 0 0 1 0 0 0 0 
1 0 0 0 0 0 0 0 
0 0 0 0 0 0 0 1 
0 0 0 0 0 0 0 0 
0 1 0 0 1 0 0 0 
0 0 0 0 0 0 1 0 
Random Restart!


------------------------------------
Starting Board
Current State (Heuristic): 12
1 0 0 0 0 1 1 1 
0 0 0 0 0 0 0 0 
0 0 0 1 0 0 0 0 
0 0 0 0 1 0 0 0 
0 0 1 0 0 0 0 0 
0 1 0 0 0 0 0 0 
0 0 0 0 0 0 0 0 
0 0 0 0 0 0 0 0 

Step No.18
Current State (Heuristic): 11
1 0 0 0 0 1 1 1 
0 0 0 0 0 0 0 0 
0 0 0 1 0 0 0 0 
0 0 0 0 0 0 0 0 
0 0 1 0 0 0 0 0 
0 1 0 0 1 0 0 0 
0 0 0 0 0 0 0 0 
0 0 0 0 0 0 0 0 

Step No.19
Current State (Heuristic): 7
1 0 0 0 0 0 1 1 
0 0 0 0 0 0 0 0 
0 0 0 1 0 0 0 0 
0 0 0 0 0 1 0 0 
0 0 1 0 0 0 0 0 
0 1 0 0 1 0 0 0 
0 0 0 0 0 0 0 0 
0 0 0 0 0 0 0 0 

Step No.20
Current State (Heuristic): 6
1 0 0 0 0 0 1 1 
0 0 0 0 0 0 0 0 
0 0 0 1 0 0 0 0 
0 0 0 0 0 1 0 0 
0 0 1 0 0 0 0 0 
0 1 0 0 0 0 0 0 
0 0 0 0 0 0 0 0 
0 0 0 0 1 0 0 0 

Step No.21
Current State (Heuristic): 3
1 0 0 0 0 0 0 1 
0 0 0 0 0 0 0 0 
0 0 0 1 0 0 0 0 
0 0 0 0 0 1 0 0 
0 0 1 0 0 0 0 0 
0 1 0 0 0 0 0 0 
0 0 0 0 0 0 0 0 
0 0 0 0 1 0 1 0 
Random Restart!


------------------------------------
Starting Board
Current State (Heuristic): 7
0 1 0 0 0 0 0 0 
0 0 0 0 1 0 0 1 
0 0 0 0 0 0 1 0 
1 0 1 0 0 0 0 0 
0 0 0 0 0 0 0 0 
0 0 0 1 0 1 0 0 
0 0 0 0 0 0 0 0 
0 0 0 0 0 0 0 0 

Step No.22
Current State (Heuristic): 5
0 1 0 0 0 0 0 1 
0 0 0 0 1 0 0 0 
0 0 0 0 0 0 1 0 
1 0 1 0 0 0 0 0 
0 0 0 0 0 0 0 0 
0 0 0 1 0 1 0 0 
0 0 0 0 0 0 0 0 
0 0 0 0 0 0 0 0 

Step No.23
Current State (Heuristic): 4
0 1 0 0 0 0 0 1 
0 0 0 1 1 0 0 0 
0 0 0 0 0 0 1 0 
1 0 1 0 0 0 0 0 
0 0 0 0 0 0 0 0 
0 0 0 0 0 1 0 0 
0 0 0 0 0 0 0 0 
0 0 0 0 0 0 0 0 

Step No.24
Current State (Heuristic): 3
0 1 0 0 0 0 0 1 
0 0 0 1 0 0 0 0 
0 0 0 0 0 0 1 0 
1 0 1 0 0 0 0 0 
0 0 0 0 0 0 0 0 
0 0 0 0 0 1 0 0 
0 0 0 0 1 0 0 0 
0 0 0 0 0 0 0 0 

Step No.25
Current State (Heuristic): 2
0 1 0 0 0 0 0 1 
0 0 0 1 0 0 0 0 
0 0 0 0 0 0 1 0 
1 0 0 0 0 0 0 0 
0 0 0 0 0 0 0 0 
0 0 0 0 0 1 0 0 
0 0 0 0 1 0 0 0 
0 0 1 0 0 0 0 0 

Step No.26
Current State (Heuristic): 1
0 1 0 0 0 0 0 0 
0 0 0 1 0 0 0 0 
0 0 0 0 0 0 1 0 
1 0 0 0 0 0 0 0 
0 0 0 0 0 0 0 1 
0 0 0 0 0 1 0 0 
0 0 0 0 1 0 0 0 
0 0 1 0 0 0 0 0 
Random Restart!


------------------------------------
Starting Board
Current State (Heuristic): 8
0 0 0 1 0 0 0 0 
0 0 0 0 0 0 0 0 
0 0 0 0 0 1 0 0 
0 0 0 0 0 0 0 0 
0 0 1 0 0 0 0 0 
1 0 0 0 1 0 1 0 
0 1 0 0 0 0 0 1 
0 0 0 0 0 0 0 0 

Step No.27
Current State (Heuristic): 6
0 0 0 1 0 0 0 0 
0 0 0 0 0 0 0 0 
0 0 0 0 0 1 0 0 
0 1 0 0 0 0 0 0 
0 0 1 0 0 0 0 0 
1 0 0 0 1 0 1 0 
0 0 0 0 0 0 0 1 
0 0 0 0 0 0 0 0 

Step No.28
Current State (Heuristic): 4
0 0 0 1 0 0 0 0 
0 0 0 0 0 0 0 0 
0 0 0 0 0 1 0 0 
0 1 0 0 0 0 0 0 
0 0 1 0 0 0 0 0 
1 0 0 0 1 0 0 0 
0 0 0 0 0 0 1 1 
0 0 0 0 0 0 0 0 

Step No.29
Current State (Heuristic): 3
0 0 0 1 0 0 0 0 
0 0 0 0 0 0 0 1 
0 0 0 0 0 1 0 0 
0 1 0 0 0 0 0 0 
0 0 1 0 0 0 0 0 
1 0 0 0 1 0 0 0 
0 0 0 0 0 0 1 0 
0 0 0 0 0 0 0 0 

Step No.30
Current State (Heuristic): 2
0 0 0 1 0 0 0 0 
0 0 0 0 0 0 0 1 
0 0 0 0 0 1 0 0 
0 1 0 0 0 0 0 0 
0 0 1 0 0 0 0 0 
1 0 0 0 0 0 0 0 
0 0 0 0 0 0 1 0 
0 0 0 0 1 0 0 0 
Random Restart!


------------------------------------
Starting Board
Current State (Heuristic): 8
0 0 1 1 1 1 0 0 
1 0 0 0 0 0 0 0 
0 0 0 0 0 0 1 0 
0 0 0 0 0 0 0 0 
0 0 0 0 0 0 0 0 
0 0 0 0 0 0 0 0 
0 1 0 0 0 0 0 1 
0 0 0 0 0 0 0 0 

Step No.31
Current State (Heuristic): 6
0 0 1 0 1 1 0 0 
1 0 0 0 0 0 0 0 
0 0 0 0 0 0 1 0 
0 0 0 0 0 0 0 0 
0 0 0 0 0 0 0 0 
0 0 0 1 0 0 0 0 
0 1 0 0 0 0 0 1 
0 0 0 0 0 0 0 0 

Step No.32
Current State (Heuristic): 5
0 0 1 0 1 0 0 0 
1 0 0 0 0 0 0 0 
0 0 0 0 0 0 1 0 
0 0 0 0 0 0 0 0 
0 0 0 0 0 1 0 0 
0 0 0 1 0 0 0 0 
0 1 0 0 0 0 0 1 
0 0 0 0 0 0 0 0 

Step No.33
Current State (Heuristic): 3
0 0 1 0 0 0 0 0 
1 0 0 0 0 0 0 0 
0 0 0 0 0 0 1 0 
0 0 0 0 0 0 0 0 
0 0 0 0 0 1 0 0 
0 0 0 1 0 0 0 0 
0 1 0 0 0 0 0 1 
0 0 0 0 1 0 0 0 

Step No.34
Current State (Heuristic): 2
0 0 1 0 0 0 0 0 
1 0 0 0 0 0 0 0 
0 0 0 0 0 0 1 0 
0 0 0 0 0 0 0 0 
0 0 0 0 0 1 0 0 
0 0 0 1 0 0 0 0 
0 1 0 0 0 0 0 0 
0 0 0 0 1 0 0 1 
Random Restart!


------------------------------------
Starting Board
Current State (Heuristic): 9
0 0 0 0 0 0 0 0 
1 0 0 0 0 0 0 0 
0 0 1 0 0 0 1 0 
0 1 0 0 0 0 0 0 
0 0 0 0 0 0 0 0 
0 0 0 1 1 0 0 0 
0 0 0 0 0 1 0 1 
0 0 0 0 0 0 0 0 

Step No.35
Current State (Heuristic): 8
0 0 0 0 0 0 0 0 
1 0 0 0 0 0 0 0 
0 0 1 0 0 1 1 0 
0 1 0 0 0 0 0 0 
0 0 0 0 0 0 0 0 
0 0 0 1 1 0 0 0 
0 0 0 0 0 0 0 1 
0 0 0 0 0 0 0 0 

Step No.36
Current State (Heuristic): 7
0 0 0 0 0 0 0 0 
1 0 0 0 0 0 0 0 
0 0 1 0 0 1 1 0 
0 1 0 0 0 0 0 0 
0 0 0 0 0 0 0 0 
0 0 0 0 1 0 0 0 
0 0 0 1 0 0 0 1 
0 0 0 0 0 0 0 0 

Step No.37
Current State (Heuristic): 6
0 0 0 0 0 0 0 0 
1 0 0 0 0 0 0 0 
0 0 0 0 0 1 1 0 
0 1 0 0 0 0 0 0 
0 0 0 0 0 0 0 0 
0 0 0 0 1 0 0 0 
0 0 0 1 0 0 0 1 
0 0 1 0 0 0 0 0 

Step No.38
Current State (Heuristic): 5
0 0 0 0 1 0 0 0 
1 0 0 0 0 0 0 0 
0 0 0 0 0 1 1 0 
0 1 0 0 0 0 0 0 
0 0 0 0 0 0 0 0 
0 0 0 0 0 0 0 0 
0 0 0 1 0 0 0 1 
0 0 1 0 0 0 0 0 

Step No.39
Current State (Heuristic): 4
0 0 0 0 1 0 0 0 
1 0 0 0 0 0 0 0 
0 0 0 0 0 1 1 0 
0 0 0 0 0 0 0 0 
0 0 0 0 0 0 0 0 
0 1 0 0 0 0 0 0 
0 0 0 1 0 0 0 1 
0 0 1 0 0 0 0 0 

Step No.40
Current State (Heuristic): 3
0 0 0 0 1 0 0 0 
1 0 0 0 0 0 0 0 
0 0 0 0 0 1 1 0 
0 0 0 1 0 0 0 0 
0 0 0 0 0 0 0 0 
0 1 0 0 0 0 0 0 
0 0 0 0 0 0 0 1 
0 0 1 0 0 0 0 0 

Step No.41
Current State (Heuristic): 1
0 0 0 0 1 0 0 0 
1 0 0 0 0 0 0 0 
0 0 0 0 0 1 0 0 
0 0 0 1 0 0 0 0 
0 0 0 0 0 0 1 0 
0 1 0 0 0 0 0 0 
0 0 0 0 0 0 0 1 
0 0 1 0 0 0 0 0 
Random Restart!


------------------------------------
Starting Board
Current State (Heuristic): 7
0 1 0 0 0 0 0 0 
0 0 0 0 0 0 0 0 
0 0 0 0 1 0 1 0 
1 0 0 0 0 1 0 0 
0 0 0 1 0 0 0 1 
0 0 0 0 0 0 0 0 
0 0 1 0 0 0 0 0 
0 0 0 0 0 0 0 0 

Step No.42
Current State (Heuristic): 6
0 1 0 0 0 0 0 0 
0 0 0 0 0 0 0 0 
0 0 0 0 1 0 1 0 
1 0 0 0 0 0 0 0 
0 0 0 1 0 1 0 1 
0 0 0 0 0 0 0 0 
0 0 1 0 0 0 0 0 
0 0 0 0 0 0 0 0 

Step No.43
Current State (Heuristic): 4
0 1 0 0 0 0 0 0 
0 0 0 0 0 0 0 0 
0 0 0 0 1 0 1 0 
1 0 0 0 0 0 0 0 
0 0 0 1 0 1 0 0 
0 0 0 0 0 0 0 0 
0 0 1 0 0 0 0 0 
0 0 0 0 0 0 0 1 

Step No.44
Current State (Heuristic): 3
0 1 0 0 0 0 0 0 
0 0 0 0 1 0 0 0 
0 0 0 0 0 0 1 0 
1 0 0 0 0 0 0 0 
0 0 0 1 0 1 0 0 
0 0 0 0 0 0 0 0 
0 0 1 0 0 0 0 0 
0 0 0 0 0 0 0 1 

Step No.45
Current State (Heuristic): 2
0 1 0 0 0 0 0 0 
0 0 0 0 1 0 0 0 
0 0 0 0 0 0 1 0 
1 0 0 0 0 0 0 0 
0 0 0 1 0 0 0 0 
0 0 0 0 0 1 0 0 
0 0 1 0 0 0 0 0 
0 0 0 0 0 0 0 1 
Random Restart!


------------------------------------
Starting Board
Current State (Heuristic): 8
0 0 0 0 0 0 1 0 
0 0 0 0 0 0 0 0 
0 0 0 0 0 0 0 1 
0 0 0 0 1 0 0 0 
0 1 0 0 0 0 0 0 
1 0 1 0 0 0 0 0 
0 0 0 1 0 1 0 0 
0 0 0 0 0 0 0 0 

Step No.46
Current State (Heuristic): 6
0 0 0 0 0 0 1 0 
0 0 0 0 0 0 0 0 
0 0 0 0 0 0 0 1 
0 0 0 0 1 0 0 0 
0 1 0 0 0 0 0 0 
1 0 0 0 0 0 0 0 
0 0 1 1 0 1 0 0 
0 0 0 0 0 0 0 0 

Step No.47
Current State (Heuristic): 5
0 0 0 0 0 0 1 0 
0 0 0 0 0 0 0 0 
0 0 0 0 0 0 0 1 
0 0 0 0 1 0 0 0 
0 1 0 0 0 0 0 0 
1 0 0 0 0 1 0 0 
0 0 1 1 0 0 0 0 
0 0 0 0 0 0 0 0 

Step No.48
Current State (Heuristic): 4
0 0 0 0 0 0 1 0 
0 0 0 0 0 0 0 0 
0 0 0 0 0 0 0 1 
0 0 0 0 1 0 0 0 
0 1 0 0 0 0 0 0 
1 0 0 0 0 1 0 0 
0 0 1 0 0 0 0 0 
0 0 0 1 0 0 0 0 

Step No.49
Current State (Heuristic): 3
0 0 0 1 0 0 1 0 
0 0 0 0 0 0 0 0 
0 0 0 0 0 0 0 1 
0 0 0 0 1 0 0 0 
0 1 0 0 0 0 0 0 
1 0 0 0 0 1 0 0 
0 0 1 0 0 0 0 0 
0 0 0 0 0 0 0 0 

Step No.50
Current State (Heuristic): 2
0 0 0 1 0 0 1 0 
0 0 0 0 0 0 0 0 
1 0 0 0 0 0 0 1 
0 0 0 0 1 0 0 0 
0 1 0 0 0 0 0 0 
0 0 0 0 0 1 0 0 
0 0 1 0 0 0 0 0 
0 0 0 0 0 0 0 0 

Step No.51
Current State (Heuristic): 1
0 0 0 1 0 0 0 0 
0 0 0 0 0 0 0 0 
1 0 0 0 0 0 0 1 
0 0 0 0 1 0 0 0 
0 1 0 0 0 0 0 0 
0 0 0 0 0 1 0 0 
0 0 1 0 0 0 0 0 
0 0 0 0 0 0 1 0 
Random Restart!


------------------------------------
Starting Board
Current State (Heuristic): 11
0 0 0 0 0 0 0 0 
0 0 0 0 0 0 0 0 
0 0 0 0 0 0 1 0 
1 0 1 0 0 0 0 1 
0 0 0 0 0 0 0 0 
0 1 0 1 1 0 0 0 
0 0 0 0 0 1 0 0 
0 0 0 0 0 0 0 0 

Step No.52
Current State (Heuristic): 10
0 0 0 0 0 0 0 0 
0 0 0 0 0 0 0 0 
0 0 0 0 0 0 1 0 
1 0 1 0 0 0 0 1 
0 0 0 0 0 0 0 0 
0 1 0 1 0 0 0 0 
0 0 0 0 1 1 0 0 
0 0 0 0 0 0 0 0 

Step No.53
Current State (Heuristic): 8
0 0 0 1 0 0 0 0 
0 0 0 0 0 0 0 0 
0 0 0 0 0 0 1 0 
1 0 1 0 0 0 0 1 
0 0 0 0 0 0 0 0 
0 1 0 0 0 0 0 0 
0 0 0 0 1 1 0 0 
0 0 0 0 0 0 0 0 

Step No.54
Current State (Heuristic): 7
0 0 0 0 0 0 0 0 
0 0 0 1 0 0 0 0 
0 0 0 0 0 0 1 0 
1 0 1 0 0 0 0 1 
0 0 0 0 0 0 0 0 
0 1 0 0 0 0 0 0 
0 0 0 0 1 1 0 0 
0 0 0 0 0 0 0 0 

Step No.55
Current State (Heuristic): 5
0 0 1 0 0 0 0 0 
0 0 0 1 0 0 0 0 
0 0 0 0 0 0 1 0 
1 0 0 0 0 0 0 1 
0 0 0 0 0 0 0 0 
0 1 0 0 0 0 0 0 
0 0 0 0 1 1 0 0 
0 0 0 0 0 0 0 0 

Step No.56
Current State (Heuristic): 4
0 0 1 0 0 0 0 0 
0 0 0 1 0 0 0 0 
0 0 0 0 0 0 1 0 
0 0 0 0 0 0 0 1 
0 0 0 0 0 0 0 0 
0 1 0 0 0 0 0 0 
0 0 0 0 1 1 0 0 
1 0 0 0 0 0 0 0 

Step No.57
Current State (Heuristic): 3
0 0 1 0 0 0 0 0 
0 0 0 1 0 0 0 0 
0 0 0 0 0 0 1 0 
0 0 0 0 0 0 0 1 
0 0 0 0 1 0 0 0 
0 1 0 0 0 0 0 0 
0 0 0 0 0 1 0 0 
1 0 0 0 0 0 0 0 

Step No.58
Current State (Heuristic): 2
0 0 1 0 0 0 0 0 
0 0 0 1 0 0 0 0 
0 0 0 0 0 0 0 0 
0 0 0 0 0 0 1 1 
0 0 0 0 1 0 0 0 
0 1 0 0 0 0 0 0 
0 0 0 0 0 1 0 0 
1 0 0 0 0 0 0 0 

Step No.59
Current State (Heuristic): 1
0 0 1 0 0 0 0 0 
0 0 0 0 0 0 0 0 
0 0 0 1 0 0 0 0 
0 0 0 0 0 0 1 1 
0 0 0 0 1 0 0 0 
0 1 0 0 0 0 0 0 
0 0 0 0 0 1 0 0 
1 0 0 0 0 0 0 0 
Random Restart!


------------------------------------
Starting Board
Current State (Heuristic): 10
1 1 0 0 0 0 0 0 
0 0 0 0 0 0 0 1 
0 0 0 1 0 0 0 0 
0 0 0 0 0 0 0 0 
0 0 1 0 1 0 0 0 
0 0 0 0 0 1 1 0 
0 0 0 0 0 0 0 0 
0 0 0 0 0 0 0 0 

Step No.60
Current State (Heuristic): 8
1 0 0 0 0 0 0 0 
0 0 0 0 0 0 0 1 
0 1 0 1 0 0 0 0 
0 0 0 0 0 0 0 0 
0 0 1 0 1 0 0 0 
0 0 0 0 0 1 1 0 
0 0 0 0 0 0 0 0 
0 0 0 0 0 0 0 0 

Step No.61
Current State (Heuristic): 6
1 0 0 0 0 0 0 0 
0 0 0 0 0 0 0 1 
0 1 0 1 0 0 0 0 
0 0 0 0 0 0 0 0 
0 0 1 0 0 0 0 0 
0 0 0 0 0 1 1 0 
0 0 0 0 1 0 0 0 
0 0 0 0 0 0 0 0 

Step No.62
Current State (Heuristic): 5
1 0 0 0 0 0 0 0 
0 0 0 0 0 0 0 1 
0 1 0 1 0 0 0 0 
0 0 0 0 0 0 0 0 
0 0 1 0 0 0 0 0 
0 0 0 0 0 1 1 0 
0 0 0 0 0 0 0 0 
0 0 0 0 1 0 0 0 

Step No.63
Current State (Heuristic): 4
1 0 0 0 0 0 0 0 
0 0 0 0 0 0 0 1 
0 1 0 1 0 0 0 0 
0 0 0 0 0 1 0 0 
0 0 1 0 0 0 0 0 
0 0 0 0 0 0 1 0 
0 0 0 0 0 0 0 0 
0 0 0 0 1 0 0 0 

Step No.64
Current State (Heuristic): 3
1 0 0 0 0 0 0 0 
0 0 0 0 0 0 0 1 
0 1 0 0 0 0 0 0 
0 0 0 0 0 1 0 0 
0 0 1 0 0 0 0 0 
0 0 0 0 0 0 1 0 
0 0 0 0 0 0 0 0 
0 0 0 1 1 0 0 0 

Step No.65
Current State (Heuristic): 2
1 0 0 0 1 0 0 0 
0 0 0 0 0 0 0 1 
0 1 0 0 0 0 0 0 
0 0 0 0 0 1 0 0 
0 0 1 0 0 0 0 0 
0 0 0 0 0 0 1 0 
0 0 0 0 0 0 0 0 
0 0 0 1 0 0 0 0 
Random Restart!


------------------------------------
Starting Board
Current State (Heuristic): 8
0 0 0 0 1 0 0 0 
0 1 0 0 0 0 1 0 
1 0 0 0 0 0 0 1 
0 0 0 0 0 0 0 0 
0 0 0 0 0 0 0 0 
0 0 1 0 0 0 0 0 
0 0 0 1 0 1 0 0 
0 0 0 0 0 0 0 0 

Step No.66
Current State (Heuristic): 7
0 0 0 0 1 0 0 0 
0 1 0 0 0 0 1 0 
1 0 0 0 0 0 0 1 
0 0 1 0 0 0 0 0 
0 0 0 0 0 0 0 0 
0 0 0 0 0 0 0 0 
0 0 0 1 0 1 0 0 
0 0 0 0 0 0 0 0 

Step No.67
Current State (Heuristic): 6
0 0 0 0 1 0 0 0 
0 1 0 0 0 0 0 0 
1 0 0 0 0 0 0 1 
0 0 1 0 0 0 0 0 
0 0 0 0 0 0 0 0 
0 0 0 0 0 0 1 0 
0 0 0 1 0 1 0 0 
0 0 0 0 0 0 0 0 

Step No.68
Current State (Heuristic): 5
0 0 0 1 1 0 0 0 
0 1 0 0 0 0 0 0 
1 0 0 0 0 0 0 1 
0 0 1 0 0 0 0 0 
0 0 0 0 0 0 0 0 
0 0 0 0 0 0 1 0 
0 0 0 0 0 1 0 0 
0 0 0 0 0 0 0 0 

Step No.69
Current State (Heuristic): 4
0 0 0 1 1 0 0 0 
0 1 0 0 0 0 0 0 
1 0 0 0 0 0 0 1 
0 0 1 0 0 1 0 0 
0 0 0 0 0 0 0 0 
0 0 0 0 0 0 1 0 
0 0 0 0 0 0 0 0 
0 0 0 0 0 0 0 0 

Step No.70
Current State (Heuristic): 3
0 0 0 0 1 0 0 0 
0 1 0 0 0 0 0 0 
1 0 0 0 0 0 0 1 
0 0 1 0 0 1 0 0 
0 0 0 0 0 0 0 0 
0 0 0 0 0 0 1 0 
0 0 0 0 0 0 0 0 
0 0 0 1 0 0 0 0 

Step No.71
Current State (Heuristic): 1
0 0 0 0 1 0 0 0 
0 1 0 0 0 0 0 0 
0 0 0 0 0 0 0 1 
0 0 1 0 0 1 0 0 
0 0 0 0 0 0 0 0 
0 0 0 0 0 0 1 0 
1 0 0 0 0 0 0 0 
0 0 0 1 0 0 0 0 
Random Restart!


------------------------------------
Starting Board
Current State (Heuristic): 5
1 0 0 0 0 1 0 0 
0 0 0 0 0 0 0 0 
0 0 0 0 0 0 1 0 
0 1 0 0 0 0 0 0 
0 0 0 0 0 0 0 0 
0 0 1 0 0 0 0 1 
0 0 0 1 1 0 0 0 
0 0 0 0 0 0 0 0 

Step No.72
Current State (Heuristic): 4
1 0 0 0 0 1 0 0 
0 0 0 0 0 0 0 0 
0 0 0 0 0 0 1 0 
0 1 0 0 0 0 0 0 
0 0 0 0 0 0 0 0 
0 0 0 0 0 0 0 1 
0 0 0 1 1 0 0 0 
0 0 1 0 0 0 0 0 

Step No.73
Current State (Heuristic): 3
1 0 0 0 0 1 0 0 
0 0 0 0 1 0 0 0 
0 0 0 0 0 0 1 0 
0 1 0 0 0 0 0 0 
0 0 0 0 0 0 0 0 
0 0 0 0 0 0 0 1 
0 0 0 1 0 0 0 0 
0 0 1 0 0 0 0 0 

Step No.74
Current State (Heuristic): 2
1 0 0 0 0 0 0 0 
0 0 0 0 1 0 0 0 
0 0 0 0 0 0 1 0 
0 1 0 0 0 0 0 0 
0 0 0 0 0 0 0 0 
0 0 0 0 0 0 0 1 
0 0 0 1 0 1 0 0 
0 0 1 0 0 0 0 0 

Step No.75
Current State (Heuristic): 1
1 0 0 0 0 0 0 0 
0 0 0 0 1 0 0 0 
0 0 0 0 0 0 1 0 
0 1 0 0 0 0 0 0 
0 0 0 0 0 0 0 0 
0 0 0 0 0 0 0 1 
0 0 0 0 0 1 0 0 
0 0 1 1 0 0 0 0 
Random Restart!


------------------------------------
Starting Board
Current State (Heuristic): 9
0 0 1 1 0 0 1 0 
0 1 0 0 0 0 0 1 
0 0 0 0 0 0 0 0 
0 0 0 0 0 0 0 0 
1 0 0 0 1 0 0 0 
0 0 0 0 0 0 0 0 
0 0 0 0 0 1 0 0 
0 0 0 0 0 0 0 0 

Step No.76
Current State (Heuristic): 7
0 0 1 1 0 0 0 0 
0 1 0 0 0 0 0 1 
0 0 0 0 0 0 0 0 
0 0 0 0 0 0 0 0 
1 0 0 0 1 0 0 0 
0 0 0 0 0 0 0 0 
0 0 0 0 0 1 0 0 
0 0 0 0 0 0 1 0 

Step No.77
Current State (Heuristic): 5
0 0 1 1 0 0 0 0 
0 1 0 0 0 0 0 0 
0 0 0 0 0 0 0 1 
0 0 0 0 0 0 0 0 
1 0 0 0 1 0 0 0 
0 0 0 0 0 0 0 0 
0 0 0 0 0 1 0 0 
0 0 0 0 0 0 1 0 

Step No.78
Current State (Heuristic): 3
0 0 1 1 0 0 0 0 
0 1 0 0 0 0 0 0 
0 0 0 0 0 0 0 1 
0 0 0 0 1 0 0 0 
1 0 0 0 0 0 0 0 
0 0 0 0 0 0 0 0 
0 0 0 0 0 1 0 0 
0 0 0 0 0 0 1 0 

Step No.79
Current State (Heuristic): 2
0 0 1 0 0 0 0 0 
0 1 0 0 0 0 0 0 
0 0 0 0 0 0 0 1 
0 0 0 0 1 0 0 0 
1 0 0 0 0 0 0 0 
0 0 0 1 0 0 0 0 
0 0 0 0 0 1 0 0 
0 0 0 0 0 0 1 0 
Random Restart!


------------------------------------
Starting Board
Current State (Heuristic): 13
0 0 0 0 0 0 0 0 
0 0 0 1 0 0 0 0 
0 0 0 0 0 0 0 0 
1 0 0 0 0 0 0 0 
0 1 1 0 1 1 0 1 
0 0 0 0 0 0 1 0 
0 0 0 0 0 0 0 0 
0 0 0 0 0 0 0 0 

Step No.80
Current State (Heuristic): 10
0 0 0 0 1 0 0 0 
0 0 0 1 0 0 0 0 
0 0 0 0 0 0 0 0 
1 0 0 0 0 0 0 0 
0 1 1 0 0 1 0 1 
0 0 0 0 0 0 1 0 
0 0 0 0 0 0 0 0 
0 0 0 0 0 0 0 0 

Step No.81
Current State (Heuristic): 6
0 0 0 0 1 0 0 0 
0 0 0 1 0 0 0 0 
0 0 0 0 0 0 0 0 
1 0 0 0 0 0 0 0 
0 0 1 0 0 1 0 1 
0 0 0 0 0 0 1 0 
0 1 0 0 0 0 0 0 
0 0 0 0 0 0 0 0 

Step No.82
Current State (Heuristic): 5
0 0 0 0 1 0 0 0 
0 0 0 1 0 0 0 0 
0 0 0 0 0 0 0 0 
1 0 0 0 0 0 0 0 
0 0 1 0 0 1 0 0 
0 0 0 0 0 0 1 1 
0 1 0 0 0 0 0 0 
0 0 0 0 0 0 0 0 

Step No.83
Current State (Heuristic): 3
0 0 0 0 1 0 0 0 
0 0 0 0 0 0 0 0 
0 0 0 0 0 0 0 0 
1 0 0 0 0 0 0 0 
0 0 1 0 0 1 0 0 
0 0 0 0 0 0 1 1 
0 1 0 0 0 0 0 0 
0 0 0 1 0 0 0 0 

Step No.84
Current State (Heuristic): 2
0 0 0 0 1 0 0 0 
0 0 0 0 0 0 0 0 
0 0 0 0 0 1 0 0 
1 0 0 0 0 0 0 0 
0 0 1 0 0 0 0 0 
0 0 0 0 0 0 1 1 
0 1 0 0 0 0 0 0 
0 0 0 1 0 0 0 0 

Step No.85
Current State (Heuristic): 1
0 0 0 0 1 0 0 0 
0 1 0 0 0 0 0 0 
0 0 0 0 0 1 0 0 
1 0 0 0 0 0 0 0 
0 0 1 0 0 0 0 0 
0 0 0 0 0 0 1 1 
0 0 0 0 0 0 0 0 
0 0 0 1 0 0 0 0 
Random Restart!


------------------------------------
Starting Board
Current State (Heuristic): 11
0 1 0 0 0 0 0 1 
0 0 1 0 0 0 0 0 
0 0 0 1 1 1 0 0 
1 0 0 0 0 0 1 0 
0 0 0 0 0 0 0 0 
0 0 0 0 0 0 0 0 
0 0 0 0 0 0 0 0 
0 0 0 0 0 0 0 0 

Step No.86
Current State (Heuristic): 9
0 1 0 0 0 0 0 1 
0 0 1 0 0 0 0 0 
0 0 0 1 0 1 0 0 
1 0 0 0 0 0 1 0 
0 0 0 0 0 0 0 0 
0 0 0 0 0 0 0 0 
0 0 0 0 1 0 0 0 
0 0 0 0 0 0 0 0 

Step No.87
Current State (Heuristic): 7
0 1 0 0 0 0 0 1 
0 0 0 0 0 0 0 0 
0 0 0 1 0 1 0 0 
1 0 0 0 0 0 1 0 
0 0 1 0 0 0 0 0 
0 0 0 0 0 0 0 0 
0 0 0 0 1 0 0 0 
0 0 0 0 0 0 0 0 

Step No.88
Current State (Heuristic): 5
0 1 0 0 0 0 0 1 
0 0 0 0 0 0 0 0 
0 0 0 1 0 0 0 0 
1 0 0 0 0 0 1 0 
0 0 1 0 0 0 0 0 
0 0 0 0 0 1 0 0 
0 0 0 0 1 0 0 0 
0 0 0 0 0 0 0 0 

Step No.89
Current State (Heuristic): 4
0 1 0 0 0 0 0 1 
0 0 0 0 0 0 0 0 
0 0 0 1 0 0 0 0 
1 0 0 0 0 0 0 0 
0 0 1 0 0 0 0 0 
0 0 0 0 0 1 0 0 
0 0 0 0 1 0 0 0 
0 0 0 0 0 0 1 0 

Step No.90
Current State (Heuristic): 3
0 1 0 0 0 0 0 1 
0 0 0 0 1 0 0 0 
0 0 0 1 0 0 0 0 
1 0 0 0 0 0 0 0 
0 0 1 0 0 0 0 0 
0 0 0 0 0 1 0 0 
0 0 0 0 0 0 0 0 
0 0 0 0 0 0 1 0 

Step No.91
Current State (Heuristic): 2
0 1 0 0 0 0 0 1 
0 0 0 1 1 0 0 0 
0 0 0 0 0 0 0 0 
1 0 0 0 0 0 0 0 
0 0 1 0 0 0 0 0 
0 0 0 0 0 1 0 0 
0 0 0 0 0 0 0 0 
0 0 0 0 0 0 1 0 

Step No.92
Current State (Heuristic): 1
0 1 0 0 0 0 0 0 
0 0 0 1 1 0 0 0 
0 0 0 0 0 0 0 1 
1 0 0 0 0 0 0 0 
0 0 1 0 0 0 0 0 
0 0 0 0 0 1 0 0 
0 0 0 0 0 0 0 0 
0 0 0 0 0 0 1 0 
Random Restart!


------------------------------------
Starting Board
Current State (Heuristic): 5
0 0 1 1 0 0 0 0 
0 0 0 0 0 0 0 0 
0 0 0 0 0 0 0 1 
0 0 0 0 1 0 0 0 
0 0 0 0 0 0 0 0 
1 1 0 0 0 1 0 0 
0 0 0 0 0 0 1 0 
0 0 0 0 0 0 0 0 

Step No.93
Current State (Heuristic): 3
0 0 1 1 0 0 0 0 
0 0 0 0 0 0 0 0 
0 0 0 0 0 0 0 1 
0 0 0 0 1 0 0 0 
0 0 0 0 0 0 0 0 
1 1 0 0 0 0 0 0 
0 0 0 0 0 0 1 0 
0 0 0 0 0 1 0 0 

Step No.94
Current State (Heuristic): 2
0 0 1 1 0 0 0 0 
1 0 0 0 0 0 0 0 
0 0 0 0 0 0 0 1 
0 0 0 0 1 0 0 0 
0 0 0 0 0 0 0 0 
0 1 0 0 0 0 0 0 
0 0 0 0 0 0 1 0 
0 0 0 0 0 1 0 0 
Random Restart!


------------------------------------
Starting Board
Current State (Heuristic): 10
0 0 0 0 0 0 0 0 
0 0 0 0 0 0 1 0 
1 0 0 0 0 0 0 0 
0 0 0 1 1 0 0 0 
0 0 0 0 0 1 0 0 
0 0 0 0 0 0 0 0 
0 1 1 0 0 0 0 1 
0 0 0 0 0 0 0 0 

Step No.95
Current State (Heuristic): 9
0 0 1 0 0 0 0 0 
0 0 0 0 0 0 1 0 
1 0 0 0 0 0 0 0 
0 0 0 1 1 0 0 0 
0 0 0 0 0 1 0 0 
0 0 0 0 0 0 0 0 
0 1 0 0 0 0 0 1 
0 0 0 0 0 0 0 0 

Step No.96
Current State (Heuristic): 7
0 0 1 0 0 0 0 0 
0 0 0 0 0 0 1 1 
1 0 0 0 0 0 0 0 
0 0 0 1 1 0 0 0 
0 0 0 0 0 1 0 0 
0 0 0 0 0 0 0 0 
0 1 0 0 0 0 0 0 
0 0 0 0 0 0 0 0 

Step No.97
Current State (Heuristic): 6
0 0 1 0 0 0 0 0 
0 0 0 0 0 0 1 1 
1 0 0 0 0 0 0 0 
0 0 0 1 1 0 0 0 
0 0 0 0 0 1 0 0 
0 1 0 0 0 0 0 0 
0 0 0 0 0 0 0 0 
0 0 0 0 0 0 0 0 

Step No.98
Current State (Heuristic): 5
0 0 1 0 0 0 0 0 
0 0 0 0 0 0 1 1 
1 0 0 0 0 0 0 0 
0 0 0 1 0 0 0 0 
0 0 0 0 0 1 0 0 
0 1 0 0 1 0 0 0 
0 0 0 0 0 0 0 0 
0 0 0 0 0 0 0 0 

Step No.99
Current State (Heuristic): 4
0 0 1 0 0 0 0 0 
0 0 0 0 0 0 1 1 
1 0 0 0 0 0 0 0 
0 0 0 1 0 0 0 0 
0 0 0 0 0 1 0 0 
0 0 0 0 1 0 0 0 
0 0 0 0 0 0 0 0 
0 1 0 0 0 0 0 0 

Step No.100
Current State (Heuristic): 3
0 0 1 0 0 0 0 0 
0 0 0 0 0 0 1 0 
1 0 0 0 0 0 0 0 
0 0 0 1 0 0 0 0 
0 0 0 0 0 1 0 1 
0 0 0 0 1 0 0 0 
0 0 0 0 0 0 0 0 
0 1 0 0 0 0 0 0 
Random Restart!


------------------------------------
Starting Board
Current State (Heuristic): 9
0 0 0 0 0 1 0 0 
0 0 0 0 0 0 0 0 
0 0 0 0 1 0 1 0 
0 0 0 1 0 0 0 0 
0 1 0 0 0 0 0 0 
0 0 0 0 0 0 0 0 
1 0 1 0 0 0 0 1 
0 0 0 0 0 0 0 0 

Step No.101
Current State (Heuristic): 8
0 0 0 0 0 1 0 0 
0 0 0 0 0 0 0 0 
0 0 0 0 0 0 1 0 
0 0 0 1 1 0 0 0 
0 1 0 0 0 0 0 0 
0 0 0 0 0 0 0 0 
1 0 1 0 0 0 0 1 
0 0 0 0 0 0 0 0 

Step No.102
Current State (Heuristic): 7
0 0 0 0 0 1 0 1 
0 0 0 0 0 0 0 0 
0 0 0 0 0 0 1 0 
0 0 0 1 1 0 0 0 
0 1 0 0 0 0 0 0 
0 0 0 0 0 0 0 0 
1 0 1 0 0 0 0 0 
0 0 0 0 0 0 0 0 

Step No.103
Current State (Heuristic): 6
0 0 0 0 0 1 0 0 
0 0 0 0 0 0 0 0 
0 0 0 0 0 0 1 0 
0 0 0 1 1 0 0 0 
0 1 0 0 0 0 0 1 
0 0 0 0 0 0 0 0 
1 0 1 0 0 0 0 0 
0 0 0 0 0 0 0 0 

Step No.104
Current State (Heuristic): 5
0 0 0 0 0 1 0 0 
0 0 0 0 0 0 0 0 
0 0 0 0 0 0 0 0 
0 0 0 1 1 0 0 0 
0 1 0 0 0 0 0 1 
0 0 0 0 0 0 0 0 
1 0 1 0 0 0 0 0 
0 0 0 0 0 0 1 0 

Step No.105
Current State (Heuristic): 4
0 0 0 0 0 1 0 0 
0 0 0 0 0 0 0 0 
0 0 0 0 0 0 0 0 
0 0 0 1 1 0 0 0 
0 1 0 0 0 0 0 0 
0 0 0 0 0 0 0 1 
1 0 1 0 0 0 0 0 
0 0 0 0 0 0 1 0 

Step No.106
Current State (Heuristic): 3
0 0 0 1 0 1 0 0 
0 0 0 0 0 0 0 0 
0 0 0 0 0 0 0 0 
0 0 0 0 1 0 0 0 
0 1 0 0 0 0 0 0 
0 0 0 0 0 0 0 1 
1 0 1 0 0 0 0 0 
0 0 0 0 0 0 1 0 

Step No.107
Current State (Heuristic): 2
0 0 0 1 0 1 0 0 
0 0 0 0 0 0 0 0 
0 0 1 0 0 0 0 0 
0 0 0 0 1 0 0 0 
0 1 0 0 0 0 0 0 
0 0 0 0 0 0 0 1 
1 0 0 0 0 0 0 0 
0 0 0 0 0 0 1 0 

Step No.108
Current State (Heuristic): 1
0 0 0 1 0 0 0 0 
0 0 0 0 0 1 0 0 
0 0 1 0 0 0 0 0 
0 0 0 0 1 0 0 0 
0 1 0 0 0 0 0 0 
0 0 0 0 0 0 0 1 
1 0 0 0 0 0 0 0 
0 0 0 0 0 0 1 0 
Random Restart!


------------------------------------
Starting Board
Current State (Heuristic): 9
0 0 0 0 0 0 0 0 
0 0 1 1 0 0 0 0 
1 0 0 0 0 1 0 0 
0 0 0 0 1 0 0 0 
0 1 0 0 0 0 0 0 
0 0 0 0 0 0 1 0 
0 0 0 0 0 0 0 1 
0 0 0 0 0 0 0 0 

Step No.109
Current State (Heuristic): 6
0 0 0 0 0 0 0 0 
0 0 1 1 0 0 0 0 
1 0 0 0 0 1 0 0 
0 0 0 0 0 0 0 0 
0 1 0 0 0 0 0 0 
0 0 0 0 1 0 1 0 
0 0 0 0 0 0 0 1 
0 0 0 0 0 0 0 0 

Step No.110
Current State (Heuristic): 3
0 0 0 0 0 0 1 0 
0 0 1 1 0 0 0 0 
1 0 0 0 0 1 0 0 
0 0 0 0 0 0 0 0 
0 1 0 0 0 0 0 0 
0 0 0 0 1 0 0 0 
0 0 0 0 0 0 0 1 
0 0 0 0 0 0 0 0 

Step No.111
Current State (Heuristic): 2
0 0 0 0 0 0 1 0 
0 0 1 1 0 0 0 0 
1 0 0 0 0 1 0 0 
0 0 0 0 0 0 0 0 
0 1 0 0 0 0 0 0 
0 0 0 0 1 0 0 0 
0 0 0 0 0 0 0 0 
0 0 0 0 0 0 0 1 

Step No.112
Current State (Heuristic): 1
0 0 0 0 0 0 1 0 
0 0 0 1 0 0 0 0 
1 0 0 0 0 1 0 0 
0 0 0 0 0 0 0 0 
0 1 0 0 0 0 0 0 
0 0 0 0 1 0 0 0 
0 0 1 0 0 0 0 0 
0 0 0 0 0 0 0 1 
Random Restart!


------------------------------------
Starting Board
Current State (Heuristic): 6
0 1 0 0 1 0 0 0 
0 0 0 0 0 0 0 0 
0 0 0 0 0 0 0 0 
0 0 0 0 0 0 0 1 
0 0 0 1 0 0 0 0 
1 0 1 0 0 0 0 0 
0 0 0 0 0 1 1 0 
0 0 0 0 0 0 0 0 

Step No.113
Current State (Heuristic): 5
0 1 0 0 1 0 0 0 
0 0 0 0 0 0 0 0 
0 0 0 0 0 0 0 0 
0 0 0 0 0 0 0 1 
0 0 1 1 0 0 0 0 
1 0 0 0 0 0 0 0 
0 0 0 0 0 1 1 0 
0 0 0 0 0 0 0 0 

Step No.114
Current State (Heuristic): 4
0 1 0 0 1 0 0 0 
0 0 0 0 0 0 0 0 
0 0 0 0 0 0 0 1 
0 0 0 0 0 0 0 0 
0 0 1 1 0 0 0 0 
1 0 0 0 0 0 0 0 
0 0 0 0 0 1 1 0 
0 0 0 0 0 0 0 0 

Step No.115
Current State (Heuristic): 2
0 1 0 0 1 0 0 0 
0 0 0 0 0 0 0 0 
0 0 0 0 0 0 0 1 
0 0 0 0 0 1 0 0 
0 0 1 1 0 0 0 0 
1 0 0 0 0 0 0 0 
0 0 0 0 0 0 1 0 
0 0 0 0 0 0 0 0 

Step No.116
Current State (Heuristic): 1
0 1 0 0 0 0 0 0 
0 0 0 0 0 0 0 0 
0 0 0 0 0 0 0 1 
0 0 0 0 0 1 0 0 
0 0 1 1 0 0 0 0 
1 0 0 0 0 0 0 0 
0 0 0 0 0 0 1 0 
0 0 0 0 1 0 0 0 
Random Restart!


------------------------------------
Starting Board
Current State (Heuristic): 10
0 0 0 0 1 0 0 0 
0 0 0 0 0 0 1 0 
0 0 1 1 0 0 0 1 
0 0 0 0 0 0 0 0 
0 0 0 0 0 1 0 0 
1 0 0 0 0 0 0 0 
0 1 0 0 0 0 0 0 
0 0 0 0 0 0 0 0 

Step No.117
Current State (Heuristic): 8
0 0 0 0 1 0 0 0 
0 0 0 0 0 0 1 0 
0 0 0 1 0 0 0 1 
0 0 0 0 0 0 0 0 
0 0 0 0 0 1 0 0 
1 0 0 0 0 0 0 0 
0 1 1 0 0 0 0 0 
0 0 0 0 0 0 0 0 

Step No.118
Current State (Heuristic): 6
0 0 0 0 1 0 0 0 
0 0 0 0 0 0 1 0 
0 0 0 1 0 0 0 0 
0 0 0 0 0 0 0 0 
0 0 0 0 0 1 0 1 
1 0 0 0 0 0 0 0 
0 1 1 0 0 0 0 0 
0 0 0 0 0 0 0 0 

Step No.119
Current State (Heuristic): 4
0 0 0 0 1 0 0 0 
0 0 0 0 0 0 1 0 
0 0 0 0 0 0 0 0 
0 0 0 1 0 0 0 0 
0 0 0 0 0 1 0 1 
1 0 0 0 0 0 0 0 
0 1 1 0 0 0 0 0 
0 0 0 0 0 0 0 0 

Step No.120
Current State (Heuristic): 3
0 1 0 0 1 0 0 0 
0 0 0 0 0 0 1 0 
0 0 0 0 0 0 0 0 
0 0 0 1 0 0 0 0 
0 0 0 0 0 1 0 1 
1 0 0 0 0 0 0 0 
0 0 1 0 0 0 0 0 
0 0 0 0 0 0 0 0 

Step No.121
Current State (Heuristic): 2
0 0 0 0 1 0 0 0 
0 0 0 0 0 0 1 0 
0 0 0 0 0 0 0 0 
0 0 0 1 0 0 0 0 
0 0 0 0 0 1 0 1 
1 0 0 0 0 0 0 0 
0 0 1 0 0 0 0 0 
0 1 0 0 0 0 0 0 

Step No.122
Current State (Heuristic): 1
0 0 0 0 1 0 0 0 
0 0 0 0 0 0 1 0 
0 1 0 0 0 0 0 0 
0 0 0 1 0 0 0 0 
0 0 0 0 0 1 0 1 
1 0 0 0 0 0 0 0 
0 0 1 0 0 0 0 0 
0 0 0 0 0 0 0 0 

Step No.123
Current State (Heuristic): 0
0 0 0 0 1 0 0 0 
0 0 0 0 0 0 1 0 
0 1 0 0 0 0 0 0 
0 0 0 1 0 0 0 0 
0 0 0 0 0 0 0 1 
1 0 0 0 0 0 0 0 
0 0 1 0 0 0 0 0 
0 0 0 0 0 1 0 0 

Success!
Total Steps Taken: 123


------------------------------------
Starting Board
Current State (Heuristic): 6
0 0 0 0 0 0 1 0 
0 1 0 0 0 0 0 0 
0 0 0 0 0 0 0 0 
1 0 0 0 0 0 0 1 
0 0 1 0 0 0 0 0 
0 0 0 0 1 0 0 0 
0 0 0 1 0 1 0 0 
0 0 0 0 0 0 0 0 

Step No.1
Current State (Heuristic): 3
0 0 0 0 0 0 1 0 
0 1 0 0 0 0 0 0 
0 0 0 1 0 0 0 0 
1 0 0 0 0 0 0 1 
0 0 1 0 0 0 0 0 
0 0 0 0 1 0 0 0 
0 0 0 0 0 1 0 0 
0 0 0 0 0 0 0 0 

Step No.2
Current State (Heuristic): 2
0 0 0 0 0 0 1 0 
0 1 0 0 0 0 0 0 
0 0 0 1 0 0 0 0 
0 0 0 0 0 0 0 1 
0 0 1 0 0 0 0 0 
0 0 0 0 1 0 0 0 
0 0 0 0 0 1 0 0 
1 0 0 0 0 0 0 0 
Random Restart!


------------------------------------
Starting Board
Current State (Heuristic): 10
0 1 0 0 0 0 0 0 
1 0 0 0 1 1 0 0 
0 0 0 0 0 0 1 0 
0 0 1 0 0 0 0 0 
0 0 0 1 0 0 0 0 
0 0 0 0 0 0 0 0 
0 0 0 0 0 0 0 1 
0 0 0 0 0 0 0 0 

Step No.3
Current State (Heuristic): 6
0 1 0 0 0 0 0 0 
0 0 0 0 1 1 0 0 
0 0 0 0 0 0 1 0 
0 0 1 0 0 0 0 0 
1 0 0 1 0 0 0 0 
0 0 0 0 0 0 0 0 
0 0 0 0 0 0 0 1 
0 0 0 0 0 0 0 0 

Step No.4
Current State (Heuristic): 5
0 1 0 0 0 0 0 0 
0 0 0 0 1 1 0 0 
0 0 0 0 0 0 1 0 
0 0 1 0 0 0 0 0 
1 0 0 0 0 0 0 0 
0 0 0 1 0 0 0 0 
0 0 0 0 0 0 0 1 
0 0 0 0 0 0 0 0 

Step No.5
Current State (Heuristic): 4
0 1 0 0 0 0 0 0 
0 0 0 0 1 0 0 0 
0 0 0 0 0 0 1 0 
0 0 1 0 0 0 0 0 
1 0 0 0 0 0 0 0 
0 0 0 1 0 0 0 0 
0 0 0 0 0 0 0 1 
0 0 0 0 0 1 0 0 

Step No.6
Current State (Heuristic): 3
0 1 0 0 0 0 0 0 
0 0 0 0 1 0 0 0 
0 0 0 0 0 0 1 0 
0 0 1 0 0 0 0 0 
1 0 0 0 0 0 0 0 
0 0 0 0 0 0 0 0 
0 0 0 1 0 0 0 1 
0 0 0 0 0 1 0 0 

Step No.7
Current State (Heuristic): 2
0 1 0 0 0 0 0 0 
0 0 0 0 1 0 0 0 
0 0 0 0 0 0 1 0 
0 0 1 0 0 0 0 0 
1 0 0 0 0 0 0 0 
0 0 0 0 0 0 0 0 
0 0 0 1 0 0 0 0 
0 0 0 0 0 1 0 1 
Random Restart!


------------------------------------
Starting Board
Current State (Heuristic): 7
0 0 1 0 1 0 0 0 
0 0 0 0 0 0 0 0 
0 0 0 1 0 0 0 1 
0 0 0 0 0 0 0 0 
0 0 0 0 0 1 1 0 
0 0 0 0 0 0 0 0 
1 1 0 0 0 0 0 0 
0 0 0 0 0 0 0 0 

Step No.8
Current State (Heuristic): 5
0 0 1 0 1 0 0 0 
0 0 0 0 0 0 0 0 
0 0 0 0 0 0 0 1 
0 0 0 0 0 0 0 0 
0 0 0 0 0 1 1 0 
0 0 0 1 0 0 0 0 
1 1 0 0 0 0 0 0 
0 0 0 0 0 0 0 0 

Step No.9
Current State (Heuristic): 4
0 0 1 0 0 0 0 0 
0 0 0 0 1 0 0 0 
0 0 0 0 0 0 0 1 
0 0 0 0 0 0 0 0 
0 0 0 0 0 1 1 0 
0 0 0 1 0 0 0 0 
1 1 0 0 0 0 0 0 
0 0 0 0 0 0 0 0 

Step No.10
Current State (Heuristic): 3
0 0 1 0 0 0 0 0 
0 0 0 0 1 0 0 0 
0 0 0 0 0 0 0 1 
1 0 0 0 0 0 0 0 
0 0 0 0 0 1 1 0 
0 0 0 1 0 0 0 0 
0 1 0 0 0 0 0 0 
0 0 0 0 0 0 0 0 

Step No.11
Current State (Heuristic): 2
0 0 1 0 0 0 0 0 
0 0 0 0 1 0 0 0 
0 0 0 0 0 0 0 1 
1 0 0 0 0 0 0 0 
0 0 0 0 0 0 1 0 
0 0 0 1 0 0 0 0 
0 1 0 0 0 0 0 0 
0 0 0 0 0 1 0 0 
Random Restart!


------------------------------------
Starting Board
Current State (Heuristic): 7
0 0 0 0 0 0 0 0 
0 0 0 1 0 0 1 0 
0 0 1 0 1 0 0 0 
0 0 0 0 0 0 0 1 
0 1 0 0 0 0 0 0 
0 0 0 0 0 1 0 0 
1 0 0 0 0 0 0 0 
0 0 0 0 0 0 0 0 

Step No.12
Current State (Heuristic): 5
0 0 0 0 0 0 0 0 
0 0 0 1 0 0 1 0 
0 0 1 0 0 0 0 0 
0 0 0 0 0 0 0 1 
0 1 0 0 0 0 0 0 
0 0 0 0 1 1 0 0 
1 0 0 0 0 0 0 0 
0 0 0 0 0 0 0 0 

Step No.13
Current State (Heuristic): 4
0 0 0 0 0 0 0 0 
0 0 0 1 0 0 1 0 
0 0 1 0 0 1 0 0 
0 0 0 0 0 0 0 1 
0 1 0 0 0 0 0 0 
0 0 0 0 1 0 0 0 
1 0 0 0 0 0 0 0 
0 0 0 0 0 0 0 0 

Step No.14
Current State (Heuristic): 3
0 0 0 0 0 0 0 0 
0 0 0 1 0 0 1 0 
0 0 0 0 0 1 0 0 
0 0 0 0 0 0 0 1 
0 1 0 0 0 0 0 0 
0 0 0 0 1 0 0 0 
1 0 0 0 0 0 0 0 
0 0 1 0 0 0 0 0 

Step No.15
Current State (Heuristic): 2
0 0 0 0 0 0 0 0 
0 0 0 1 0 0 0 0 
0 0 0 0 0 1 0 0 
0 0 0 0 0 0 0 1 
0 1 0 0 0 0 0 0 
0 0 0 0 1 0 1 0 
1 0 0 0 0 0 0 0 
0 0 1 0 0 0 0 0 

Step No.16
Current State (Heuristic): 1
0 0 0 0 0 0 0 0 
0 0 0 1 0 0 0 0 
0 0 0 0 0 1 0 0 
0 0 0 0 0 0 0 1 
0 1 0 0 1 0 0 0 
0 0 0 0 0 0 1 0 
1 0 0 0 0 0 0 0 
0 0 1 0 0 0 0 0 
Random Restart!


------------------------------------
Starting Board
Current State (Heuristic): 13
0 0 0 0 0 0 0 0 
0 0 0 0 0 0 0 0 
0 0 1 0 0 0 0 1 
0 0 0 1 0 0 1 0 
0 0 0 0 1 0 0 0 
1 1 0 0 0 1 0 0 
0 0 0 0 0 0 0 0 
0 0 0 0 0 0 0 0 

Step No.17
Current State (Heuristic): 11
0 0 0 0 0 0 0 0 
0 0 0 0 0 0 0 0 
0 0 1 1 0 0 0 1 
0 0 0 0 0 0 1 0 
0 0 0 0 1 0 0 0 
1 1 0 0 0 1 0 0 
0 0 0 0 0 0 0 0 
0 0 0 0 0 0 0 0 

Step No.18
Current State (Heuristic): 10
0 0 0 0 0 1 0 0 
0 0 0 0 0 0 0 0 
0 0 1 1 0 0 0 1 
0 0 0 0 0 0 1 0 
0 0 0 0 1 0 0 0 
1 1 0 0 0 0 0 0 
0 0 0 0 0 0 0 0 
0 0 0 0 0 0 0 0 

Step No.19
Current State (Heuristic): 7
0 0 0 0 0 1 0 0 
0 0 0 0 0 0 0 0 
0 0 1 0 0 0 0 1 
0 0 0 0 0 0 1 0 
0 0 0 0 1 0 0 0 
1 1 0 0 0 0 0 0 
0 0 0 0 0 0 0 0 
0 0 0 1 0 0 0 0 

Step No.20
Current State (Heuristic): 5
0 0 0 0 0 1 0 0 
0 0 1 0 0 0 0 0 
0 0 0 0 0 0 0 1 
0 0 0 0 0 0 1 0 
0 0 0 0 1 0 0 0 
1 1 0 0 0 0 0 0 
0 0 0 0 0 0 0 0 
0 0 0 1 0 0 0 0 

Step No.21
Current State (Heuristic): 4
0 0 0 0 0 1 0 0 
0 0 1 0 0 0 0 0 
0 0 0 0 0 0 0 1 
0 0 0 0 0 0 1 0 
0 0 0 0 1 0 0 0 
0 1 0 0 0 0 0 0 
1 0 0 0 0 0 0 0 
0 0 0 1 0 0 0 0 

Step No.22
Current State (Heuristic): 3
0 0 0 0 0 1 0 0 
0 0 1 0 0 0 0 0 
0 0 0 0 0 0 0 1 
0 1 0 0 0 0 1 0 
0 0 0 0 1 0 0 0 
0 0 0 0 0 0 0 0 
1 0 0 0 0 0 0 0 
0 0 0 1 0 0 0 0 

Step No.23
Current State (Heuristic): 2
0 0 0 0 0 1 0 1 
0 0 1 0 0 0 0 0 
0 0 0 0 0 0 0 0 
0 1 0 0 0 0 1 0 
0 0 0 0 1 0 0 0 
0 0 0 0 0 0 0 0 
1 0 0 0 0 0 0 0 
0 0 0 1 0 0 0 0 

Step No.24
Current State (Heuristic): 1
0 0 0 0 0 1 0 0 
0 0 1 0 0 0 0 0 
0 0 0 0 0 0 0 0 
0 1 0 0 0 0 1 0 
0 0 0 0 1 0 0 0 
0 0 0 0 0 0 0 1 
1 0 0 0 0 0 0 0 
0 0 0 1 0 0 0 0 
Random Restart!


------------------------------------
Starting Board
Current State (Heuristic): 11
0 0 1 0 0 0 0 0 
0 0 0 0 0 0 0 0 
0 1 0 0 1 1 0 0 
1 0 0 0 0 0 1 0 
0 0 0 1 0 0 0 0 
0 0 0 0 0 0 0 1 
0 0 0 0 0 0 0 0 
0 0 0 0 0 0 0 0 

Step No.25
Current State (Heuristic): 7
0 0 1 0 0 0 0 0 
0 0 0 0 0 0 0 0 
0 1 0 0 0 1 0 0 
1 0 0 0 0 0 1 0 
0 0 0 1 0 0 0 0 
0 0 0 0 0 0 0 1 
0 0 0 0 1 0 0 0 
0 0 0 0 0 0 0 0 

Step No.26
Current State (Heuristic): 5
0 1 1 0 0 0 0 0 
0 0 0 0 0 0 0 0 
0 0 0 0 0 1 0 0 
1 0 0 0 0 0 1 0 
0 0 0 1 0 0 0 0 
0 0 0 0 0 0 0 1 
0 0 0 0 1 0 0 0 
0 0 0 0 0 0 0 0 

Step No.27
Current State (Heuristic): 3
0 1 1 0 0 0 0 0 
0 0 0 0 0 1 0 0 
0 0 0 0 0 0 0 0 
1 0 0 0 0 0 1 0 
0 0 0 1 0 0 0 0 
0 0 0 0 0 0 0 1 
0 0 0 0 1 0 0 0 
0 0 0 0 0 0 0 0 

Step No.28
Current State (Heuristic): 2
0 1 0 0 0 0 0 0 
0 0 0 0 0 1 0 0 
0 0 0 0 0 0 0 0 
1 0 0 0 0 0 1 0 
0 0 0 1 0 0 0 0 
0 0 0 0 0 0 0 1 
0 0 1 0 1 0 0 0 
0 0 0 0 0 0 0 0 

Step No.29
Current State (Heuristic): 1
0 1 0 0 0 0 0 0 
0 0 0 0 0 1 0 0 
0 0 1 0 0 0 0 0 
1 0 0 0 0 0 1 0 
0 0 0 1 0 0 0 0 
0 0 0 0 0 0 0 1 
0 0 0 0 1 0 0 0 
0 0 0 0 0 0 0 0 
Random Restart!


------------------------------------
Starting Board
Current State (Heuristic): 8
0 0 0 0 1 0 0 1 
0 0 0 0 0 0 0 0 
0 1 1 0 0 0 0 0 
1 0 0 1 0 1 0 0 
0 0 0 0 0 0 0 0 
0 0 0 0 0 0 1 0 
0 0 0 0 0 0 0 0 
0 0 0 0 0 0 0 0 

Step No.30
Current State (Heuristic): 6
0 0 0 0 1 0 0 1 
1 0 0 0 0 0 0 0 
0 1 1 0 0 0 0 0 
0 0 0 1 0 1 0 0 
0 0 0 0 0 0 0 0 
0 0 0 0 0 0 1 0 
0 0 0 0 0 0 0 0 
0 0 0 0 0 0 0 0 

Step No.31
Current State (Heuristic): 5
0 0 0 0 1 0 0 1 
1 0 0 0 0 0 0 0 
0 1 1 0 0 0 0 0 
0 0 0 1 0 0 0 0 
0 0 0 0 0 0 0 0 
0 0 0 0 0 0 1 0 
0 0 0 0 0 0 0 0 
0 0 0 0 0 1 0 0 

Step No.32
Current State (Heuristic): 4
0 0 0 0 1 0 0 1 
1 0 0 0 0 0 0 0 
0 0 1 0 0 0 0 0 
0 0 0 1 0 0 0 0 
0 0 0 0 0 0 0 0 
0 0 0 0 0 0 1 0 
0 0 0 0 0 0 0 0 
0 1 0 0 0 1 0 0 

Step No.33
Current State (Heuristic): 3
0 0 0 0 0 0 0 1 
1 0 0 0 1 0 0 0 
0 0 1 0 0 0 0 0 
0 0 0 1 0 0 0 0 
0 0 0 0 0 0 0 0 
0 0 0 0 0 0 1 0 
0 0 0 0 0 0 0 0 
0 1 0 0 0 1 0 0 

Step No.34
Current State (Heuristic): 2
0 0 0 0 0 0 0 1 
1 0 0 0 1 0 0 0 
0 0 1 0 0 0 0 0 
0 0 0 0 0 0 0 0 
0 0 0 0 0 0 0 0 
0 0 0 0 0 0 1 0 
0 0 0 1 0 0 0 0 
0 1 0 0 0 1 0 0 
Random Restart!


------------------------------------
Starting Board
Current State (Heuristic): 8
0 0 0 0 0 0 0 0 
0 0 1 1 0 0 0 1 
0 0 0 0 0 0 1 0 
0 0 0 0 0 0 0 0 
0 0 0 0 0 1 0 0 
0 1 0 0 1 0 0 0 
1 0 0 0 0 0 0 0 
0 0 0 0 0 0 0 0 

Step No.35
Current State (Heuristic): 7
0 0 0 0 0 0 0 0 
0 0 0 1 0 0 0 1 
0 0 1 0 0 0 1 0 
0 0 0 0 0 0 0 0 
0 0 0 0 0 1 0 0 
0 1 0 0 1 0 0 0 
1 0 0 0 0 0 0 0 
0 0 0 0 0 0 0 0 

Step No.36
Current State (Heuristic): 5
0 0 0 0 0 0 0 0 
0 0 0 1 0 0 0 1 
0 0 1 0 0 0 1 0 
0 0 0 0 0 0 0 0 
0 0 0 0 0 1 0 0 
0 1 0 0 0 0 0 0 
1 0 0 0 0 0 0 0 
0 0 0 0 1 0 0 0 

Step No.37
Current State (Heuristic): 4
0 0 0 0 0 0 0 0 
0 0 0 0 0 0 0 1 
0 0 1 0 0 0 1 0 
0 0 0 0 0 0 0 0 
0 0 0 1 0 1 0 0 
0 1 0 0 0 0 0 0 
1 0 0 0 0 0 0 0 
0 0 0 0 1 0 0 0 

Step No.38
Current State (Heuristic): 3
0 0 0 0 0 0 0 0 
0 0 0 0 0 0 0 1 
0 0 1 0 0 0 0 0 
0 0 0 0 0 0 1 0 
0 0 0 1 0 1 0 0 
0 1 0 0 0 0 0 0 
1 0 0 0 0 0 0 0 
0 0 0 0 1 0 0 0 

Step No.39
Current State (Heuristic): 1
0 0 0 0 0 1 0 0 
0 0 0 0 0 0 0 1 
0 0 1 0 0 0 0 0 
0 0 0 0 0 0 1 0 
0 0 0 1 0 0 0 0 
0 1 0 0 0 0 0 0 
1 0 0 0 0 0 0 0 
0 0 0 0 1 0 0 0 
Random Restart!


------------------------------------
Starting Board
Current State (Heuristic): 10
0 0 0 0 1 0 1 1 
0 0 0 0 0 1 0 0 
0 0 1 1 0 0 0 0 
1 1 0 0 0 0 0 0 
0 0 0 0 0 0 0 0 
0 0 0 0 0 0 0 0 
0 0 0 0 0 0 0 0 
0 0 0 0 0 0 0 0 

Step No.40
Current State (Heuristic): 9
0 0 0 0 1 0 1 1 
0 0 0 0 0 1 0 0 
0 0 0 1 0 0 0 0 
1 1 0 0 0 0 0 0 
0 0 0 0 0 0 0 0 
0 0 1 0 0 0 0 0 
0 0 0 0 0 0 0 0 
0 0 0 0 0 0 0 0 

Step No.41
Current State (Heuristic): 7
0 0 0 0 1 0 1 0 
0 0 0 0 0 1 0 0 
0 0 0 1 0 0 0 1 
1 1 0 0 0 0 0 0 
0 0 0 0 0 0 0 0 
0 0 1 0 0 0 0 0 
0 0 0 0 0 0 0 0 
0 0 0 0 0 0 0 0 

Step No.42
Current State (Heuristic): 5
0 0 0 0 1 0 1 0 
0 0 0 0 0 0 0 0 
0 0 0 1 0 0 0 1 
1 1 0 0 0 0 0 0 
0 0 0 0 0 0 0 0 
0 0 1 0 0 0 0 0 
0 0 0 0 0 1 0 0 
0 0 0 0 0 0 0 0 

Step No.43
Current State (Heuristic): 3
0 0 0 0 0 0 1 0 
0 0 0 0 0 0 0 0 
0 0 0 1 0 0 0 1 
1 1 0 0 0 0 0 0 
0 0 0 0 1 0 0 0 
0 0 1 0 0 0 0 0 
0 0 0 0 0 1 0 0 
0 0 0 0 0 0 0 0 

Step No.44
Current State (Heuristic): 2
0 0 0 0 0 0 1 0 
1 0 0 0 0 0 0 0 
0 0 0 1 0 0 0 1 
0 1 0 0 0 0 0 0 
0 0 0 0 1 0 0 0 
0 0 1 0 0 0 0 0 
0 0 0 0 0 1 0 0 
0 0 0 0 0 0 0 0 

Step No.45
Current State (Heuristic): 1
0 0 0 0 0 0 1 0 
1 0 0 0 0 0 0 0 
0 0 0 0 0 0 0 1 
0 1 0 0 0 0 0 0 
0 0 0 0 1 0 0 0 
0 0 1 0 0 0 0 0 
0 0 0 0 0 1 0 0 
0 0 0 1 0 0 0 0 
Random Restart!


------------------------------------
Starting Board
Current State (Heuristic): 7
0 0 1 1 0 0 0 0 
0 0 0 0 0 0 0 0 
0 0 0 0 1 0 0 0 
1 0 0 0 0 0 1 0 
0 0 0 0 0 0 0 0 
0 1 0 0 0 1 0 0 
0 0 0 0 0 0 0 1 
0 0 0 0 0 0 0 0 

Step No.46
Current State (Heuristic): 6
0 0 1 1 0 0 0 0 
0 0 0 0 0 0 0 0 
0 0 0 0 0 0 0 0 
1 0 0 0 0 0 1 0 
0 0 0 0 1 0 0 0 
0 1 0 0 0 1 0 0 
0 0 0 0 0 0 0 1 
0 0 0 0 0 0 0 0 

Step No.47
Current State (Heuristic): 5
0 0 1 1 0 0 0 0 
0 0 0 0 0 0 0 0 
0 0 0 0 0 0 1 0 
1 0 0 0 0 0 0 0 
0 0 0 0 1 0 0 0 
0 1 0 0 0 1 0 0 
0 0 0 0 0 0 0 1 
0 0 0 0 0 0 0 0 

Step No.48
Current State (Heuristic): 3
0 0 1 1 0 0 0 0 
0 0 0 0 0 0 0 0 
0 0 0 0 0 0 1 0 
1 0 0 0 0 0 0 0 
0 0 0 0 1 0 0 0 
0 1 0 0 0 0 0 0 
0 0 0 0 0 0 0 1 
0 0 0 0 0 1 0 0 

Step No.49
Current State (Heuristic): 2
0 0 1 1 0 0 0 0 
0 0 0 0 0 0 1 0 
0 0 0 0 0 0 0 0 
1 0 0 0 0 0 0 0 
0 0 0 0 1 0 0 0 
0 1 0 0 0 0 0 0 
0 0 0 0 0 0 0 1 
0 0 0 0 0 1 0 0 

Step No.50
Current State (Heuristic): 1
0 0 1 0 0 0 0 0 
0 0 0 0 0 0 1 0 
0 0 0 1 0 0 0 0 
1 0 0 0 0 0 0 0 
0 0 0 0 1 0 0 0 
0 1 0 0 0 0 0 0 
0 0 0 0 0 0 0 1 
0 0 0 0 0 1 0 0 
Random Restart!


------------------------------------
Starting Board
Current State (Heuristic): 11
0 0 0 0 0 0 0 0 
0 1 0 0 0 0 0 0 
1 0 0 0 0 0 0 0 
0 0 1 0 0 1 1 1 
0 0 0 1 0 0 0 0 
0 0 0 0 1 0 0 0 
0 0 0 0 0 0 0 0 
0 0 0 0 0 0 0 0 

Step No.51
Current State (Heuristic): 9
0 0 0 0 0 1 0 0 
0 1 0 0 0 0 0 0 
1 0 0 0 0 0 0 0 
0 0 1 0 0 0 1 1 
0 0 0 1 0 0 0 0 
0 0 0 0 1 0 0 0 
0 0 0 0 0 0 0 0 
0 0 0 0 0 0 0 0 

Step No.52
Current State (Heuristic): 7
0 0 0 0 0 1 0 0 
0 1 0 0 0 0 0 0 
1 0 0 0 0 0 0 0 
0 0 1 0 0 0 0 1 
0 0 0 1 0 0 0 0 
0 0 0 0 1 0 0 0 
0 0 0 0 0 0 1 0 
0 0 0 0 0 0 0 0 

Step No.53
Current State (Heuristic): 5
0 0 0 0 0 1 0 0 
0 1 0 0 0 0 0 0 
1 0 0 0 0 0 0 0 
0 0 1 0 0 0 0 1 
0 0 0 1 0 0 0 0 
0 0 0 0 0 0 0 0 
0 0 0 0 0 0 1 0 
0 0 0 0 1 0 0 0 

Step No.54
Current State (Heuristic): 3
0 0 0 0 0 1 0 0 
0 0 0 0 0 0 0 0 
1 0 0 0 0 0 0 0 
0 0 1 0 0 0 0 1 
0 0 0 1 0 0 0 0 
0 1 0 0 0 0 0 0 
0 0 0 0 0 0 1 0 
0 0 0 0 1 0 0 0 

Step No.55
Current State (Heuristic): 2
0 0 0 0 0 1 0 0 
0 0 0 0 0 0 0 1 
1 0 0 0 0 0 0 0 
0 0 1 0 0 0 0 0 
0 0 0 1 0 0 0 0 
0 1 0 0 0 0 0 0 
0 0 0 0 0 0 1 0 
0 0 0 0 1 0 0 0 

Step No.56
Current State (Heuristic): 1
0 0 0 0 0 1 0 0 
0 0 0 0 0 0 0 1 
1 0 0 0 0 0 0 0 
0 0 0 0 0 0 0 0 
0 0 0 1 0 0 0 0 
0 1 0 0 0 0 0 0 
0 0 0 0 0 0 1 0 
0 0 1 0 1 0 0 0 
Random Restart!


------------------------------------
Starting Board
Current State (Heuristic): 5
0 0 0 0 0 1 0 1 
0 1 0 0 0 0 0 0 
0 0 0 0 0 0 0 0 
0 0 0 0 0 0 0 0 
0 0 1 0 0 0 1 0 
0 0 0 1 1 0 0 0 
1 0 0 0 0 0 0 0 
0 0 0 0 0 0 0 0 

Step No.57
Current State (Heuristic): 3
0 0 0 0 0 1 0 1 
0 1 1 0 0 0 0 0 
0 0 0 0 0 0 0 0 
0 0 0 0 0 0 0 0 
0 0 0 0 0 0 1 0 
0 0 0 1 1 0 0 0 
1 0 0 0 0 0 0 0 
0 0 0 0 0 0 0 0 

Step No.58
Current State (Heuristic): 2
0 0 0 0 0 1 0 1 
0 1 1 0 0 0 0 0 
0 0 0 0 0 0 0 0 
0 0 0 0 0 0 0 0 
0 0 0 0 0 0 1 0 
0 0 0 1 0 0 0 0 
1 0 0 0 0 0 0 0 
0 0 0 0 1 0 0 0 
Random Restart!


------------------------------------
Starting Board
Current State (Heuristic): 9
1 0 1 0 0 0 0 0 
0 0 0 0 0 0 0 0 
0 0 0 0 0 0 0 1 
0 0 0 0 0 0 0 0 
0 0 0 0 0 0 0 0 
0 1 0 0 0 0 0 0 
0 0 0 1 1 1 1 0 
0 0 0 0 0 0 0 0 

Step No.59
Current State (Heuristic): 7
1 0 1 1 0 0 0 0 
0 0 0 0 0 0 0 0 
0 0 0 0 0 0 0 1 
0 0 0 0 0 0 0 0 
0 0 0 0 0 0 0 0 
0 1 0 0 0 0 0 0 
0 0 0 0 1 1 1 0 
0 0 0 0 0 0 0 0 

Step No.60
Current State (Heuristic): 6
1 0 1 1 0 0 0 0 
0 0 0 0 0 1 0 0 
0 0 0 0 0 0 0 1 
0 0 0 0 0 0 0 0 
0 0 0 0 0 0 0 0 
0 1 0 0 0 0 0 0 
0 0 0 0 1 0 1 0 
0 0 0 0 0 0 0 0 

Step No.61
Current State (Heuristic): 4
1 0 1 0 0 0 0 0 
0 0 0 0 0 1 0 0 
0 0 0 0 0 0 0 1 
0 0 0 0 0 0 0 0 
0 0 0 1 0 0 0 0 
0 1 0 0 0 0 0 0 
0 0 0 0 1 0 1 0 
0 0 0 0 0 0 0 0 

Step No.62
Current State (Heuristic): 3
1 0 1 0 0 0 0 0 
0 0 0 0 0 1 0 0 
0 0 0 0 0 0 0 1 
0 0 0 0 0 0 1 0 
0 0 0 1 0 0 0 0 
0 1 0 0 0 0 0 0 
0 0 0 0 1 0 0 0 
0 0 0 0 0 0 0 0 

Step No.63
Current State (Heuristic): 2
1 0 1 0 0 0 0 0 
0 0 0 0 0 1 0 0 
0 0 0 0 0 0 0 1 
0 0 0 0 0 0 1 0 
0 0 0 1 0 0 0 0 
0 0 0 0 0 0 0 0 
0 0 0 0 1 0 0 0 
0 1 0 0 0 0 0 0 

Step No.64
Current State (Heuristic): 1
0 0 1 0 0 0 0 0 
0 0 0 0 0 1 0 0 
0 0 0 0 0 0 0 1 
0 0 0 0 0 0 1 0 
0 0 0 1 0 0 0 0 
1 0 0 0 0 0 0 0 
0 0 0 0 1 0 0 0 
0 1 0 0 0 0 0 0 
Random Restart!


------------------------------------
Starting Board
Current State (Heuristic): 5
0 0 0 1 0 0 0 0 
0 0 0 0 0 0 1 1 
0 0 0 0 0 0 0 0 
0 0 1 0 0 0 0 0 
0 1 0 0 0 1 0 0 
1 0 0 0 0 0 0 0 
0 0 0 0 1 0 0 0 
0 0 0 0 0 0 0 0 

Step No.65
Current State (Heuristic): 3
0 0 0 1 0 0 0 0 
0 0 0 0 0 0 1 1 
0 0 0 0 0 0 0 0 
0 0 1 0 0 0 0 0 
0 0 0 0 0 1 0 0 
1 1 0 0 0 0 0 0 
0 0 0 0 1 0 0 0 
0 0 0 0 0 0 0 0 

Step No.66
Current State (Heuristic): 2
1 0 0 1 0 0 0 0 
0 0 0 0 0 0 1 1 
0 0 0 0 0 0 0 0 
0 0 1 0 0 0 0 0 
0 0 0 0 0 1 0 0 
0 1 0 0 0 0 0 0 
0 0 0 0 1 0 0 0 
0 0 0 0 0 0 0 0 
Random Restart!


------------------------------------
Starting Board
Current State (Heuristic): 10
1 0 0 1 0 0 1 0 
0 0 1 0 1 0 0 1 
0 0 0 0 0 0 0 0 
0 0 0 0 0 0 0 0 
0 0 0 0 0 0 0 0 
0 1 0 0 0 0 0 0 
0 0 0 0 0 1 0 0 
0 0 0 0 0 0 0 0 

Step No.67
Current State (Heuristic): 8
1 0 0 1 0 0 1 0 
0 0 1 0 1 0 0 0 
0 0 0 0 0 0 0 0 
0 0 0 0 0 0 0 0 
0 0 0 0 0 0 0 0 
0 1 0 0 0 0 0 0 
0 0 0 0 0 1 0 0 
0 0 0 0 0 0 0 1 

Step No.68
Current State (Heuristic): 6
0 0 0 1 0 0 1 0 
0 0 1 0 1 0 0 0 
0 0 0 0 0 0 0 0 
0 0 0 0 0 0 0 0 
0 0 0 0 0 0 0 0 
0 1 0 0 0 0 0 0 
0 0 0 0 0 1 0 0 
1 0 0 0 0 0 0 1 

Step No.69
Current State (Heuristic): 5
0 0 0 1 0 0 1 0 
0 0 1 0 0 0 0 0 
0 0 0 0 0 0 0 0 
0 0 0 0 0 0 0 0 
0 0 0 0 1 0 0 0 
0 1 0 0 0 0 0 0 
0 0 0 0 0 1 0 0 
1 0 0 0 0 0 0 1 

Step No.70
Current State (Heuristic): 4
0 0 0 0 0 0 1 0 
0 0 1 0 0 0 0 0 
0 0 0 1 0 0 0 0 
0 0 0 0 0 0 0 0 
0 0 0 0 1 0 0 0 
0 1 0 0 0 0 0 0 
0 0 0 0 0 1 0 0 
1 0 0 0 0 0 0 1 

Step No.71
Current State (Heuristic): 3
0 0 0 0 0 0 0 0 
0 0 1 0 0 0 0 0 
0 0 0 1 0 0 0 0 
0 0 0 0 0 0 1 0 
0 0 0 0 1 0 0 0 
0 1 0 0 0 0 0 0 
0 0 0 0 0 1 0 0 
1 0 0 0 0 0 0 1 

Step No.72
Current State (Heuristic): 2
0 0 0 0 0 0 0 1 
0 0 1 0 0 0 0 0 
0 0 0 1 0 0 0 0 
0 0 0 0 0 0 1 0 
0 0 0 0 1 0 0 0 
0 1 0 0 0 0 0 0 
0 0 0 0 0 1 0 0 
1 0 0 0 0 0 0 0 
Random Restart!


------------------------------------
Starting Board
Current State (Heuristic): 9
0 0 0 0 0 0 1 0 
0 0 0 0 0 0 0 0 
1 0 0 1 1 0 0 0 
0 1 1 0 0 0 0 0 
0 0 0 0 0 1 0 1 
0 0 0 0 0 0 0 0 
0 0 0 0 0 0 0 0 
0 0 0 0 0 0 0 0 

Step No.73
Current State (Heuristic): 8
0 0 0 0 0 0 1 0 
0 0 0 0 0 0 0 0 
1 0 0 1 1 0 0 0 
0 1 0 0 0 0 0 0 
0 0 0 0 0 1 0 1 
0 0 0 0 0 0 0 0 
0 0 0 0 0 0 0 0 
0 0 1 0 0 0 0 0 

Step No.74
Current State (Heuristic): 7
0 0 0 0 0 0 1 0 
0 0 0 0 0 0 0 0 
1 0 0 1 1 0 0 0 
0 1 0 0 0 0 0 0 
0 0 0 0 0 1 0 1 
0 0 1 0 0 0 0 0 
0 0 0 0 0 0 0 0 
0 0 0 0 0 0 0 0 

Step No.75
Current State (Heuristic): 6
0 0 0 0 0 0 0 0 
0 0 0 0 0 0 0 0 
1 0 0 1 1 0 0 0 
0 1 0 0 0 0 0 0 
0 0 0 0 0 1 0 1 
0 0 1 0 0 0 0 0 
0 0 0 0 0 0 0 0 
0 0 0 0 0 0 1 0 

Step No.76
Current State (Heuristic): 5
0 0 0 0 0 0 0 0 
0 0 0 1 0 0 0 0 
1 0 0 0 1 0 0 0 
0 1 0 0 0 0 0 0 
0 0 0 0 0 1 0 1 
0 0 1 0 0 0 0 0 
0 0 0 0 0 0 0 0 
0 0 0 0 0 0 1 0 

Step No.77
Current State (Heuristic): 4
0 0 0 1 0 0 0 0 
0 0 0 0 0 0 0 0 
1 0 0 0 1 0 0 0 
0 1 0 0 0 0 0 0 
0 0 0 0 0 1 0 1 
0 0 1 0 0 0 0 0 
0 0 0 0 0 0 0 0 
0 0 0 0 0 0 1 0 

Step No.78
Current State (Heuristic): 3
0 0 0 1 0 0 0 0 
0 0 0 0 0 0 0 0 
0 0 0 0 1 0 0 0 
0 1 0 0 0 0 0 0 
0 0 0 0 0 1 0 1 
0 0 1 0 0 0 0 0 
1 0 0 0 0 0 0 0 
0 0 0 0 0 0 1 0 

Step No.79
Current State (Heuristic): 1
0 0 0 1 0 0 0 0 
0 0 0 0 0 0 0 1 
0 0 0 0 1 0 0 0 
0 1 0 0 0 0 0 0 
0 0 0 0 0 1 0 0 
0 0 1 0 0 0 0 0 
1 0 0 0 0 0 0 0 
0 0 0 0 0 0 1 0 
Random Restart!


------------------------------------
Starting Board
Current State (Heuristic): 9
0 0 1 0 0 0 0 0 
0 0 0 0 1 0 1 0 
0 0 0 0 0 0 0 0 
0 0 0 0 0 0 0 0 
1 0 0 1 0 1 0 0 
0 0 0 0 0 0 0 0 
0 1 0 0 0 0 0 1 
0 0 0 0 0 0 0 0 

Step No.80
Current State (Heuristic): 5
0 0 1 0 0 0 0 0 
0 0 0 0 1 0 1 0 
0 0 0 0 0 0 0 0 
0 0 0 0 0 0 0 0 
1 0 0 0 0 1 0 0 
0 0 0 1 0 0 0 0 
0 1 0 0 0 0 0 1 
0 0 0 0 0 0 0 0 

Step No.81
Current State (Heuristic): 4
0 0 1 0 0 0 0 0 
0 0 0 0 1 0 1 0 
0 0 0 0 0 0 0 0 
0 0 0 0 0 0 0 0 
1 0 0 0 0 0 0 0 
0 0 0 1 0 0 0 0 
0 1 0 0 0 0 0 1 
0 0 0 0 0 1 0 0 

Step No.82
Current State (Heuristic): 3
0 0 1 0 0 0 0 0 
0 0 0 0 1 0 1 0 
0 0 0 0 0 0 0 0 
0 0 0 1 0 0 0 0 
1 0 0 0 0 0 0 0 
0 0 0 0 0 0 0 0 
0 1 0 0 0 0 0 1 
0 0 0 0 0 1 0 0 

Step No.83
Current State (Heuristic): 2
0 0 1 0 0 0 0 0 
0 0 0 0 0 0 1 0 
0 0 0 0 0 0 0 0 
0 0 0 1 0 0 0 0 
1 0 0 0 0 0 0 0 
0 0 0 0 1 0 0 0 
0 1 0 0 0 0 0 1 
0 0 0 0 0 1 0 0 

Step No.84
Current State (Heuristic): 1
0 0 1 0 0 0 0 0 
0 0 0 0 0 0 1 0 
0 0 0 0 0 0 0 0 
0 0 0 1 0 0 0 0 
1 0 0 0 0 0 0 0 
0 0 0 0 1 0 0 0 
0 0 0 0 0 0 0 1 
0 1 0 0 0 1 0 0 
Random Restart!


------------------------------------
Starting Board
Current State (Heuristic): 6
0 0 1 0 1 0 1 0 
1 0 0 0 0 0 0 0 
0 0 0 1 0 1 0 0 
0 0 0 0 0 0 0 0 
0 0 0 0 0 0 0 0 
0 1 0 0 0 0 0 0 
0 0 0 0 0 0 0 1 
0 0 0 0 0 0 0 0 

Step No.85
Current State (Heuristic): 5
0 0 1 0 1 0 0 0 
1 0 0 0 0 0 0 0 
0 0 0 1 0 1 0 0 
0 0 0 0 0 0 0 0 
0 0 0 0 0 0 0 0 
0 1 0 0 0 0 0 0 
0 0 0 0 0 0 0 1 
0 0 0 0 0 0 1 0 

Step No.86
Current State (Heuristic): 4
0 0 1 0 1 0 0 0 
1 0 0 0 0 0 0 0 
0 0 0 1 0 1 0 0 
0 0 0 0 0 0 0 0 
0 0 0 0 0 0 0 0 
0 1 0 0 0 0 0 0 
0 0 0 0 0 0 1 1 
0 0 0 0 0 0 0 0 

Step No.87
Current State (Heuristic): 3
0 0 1 0 1 0 0 0 
1 0 0 0 0 0 0 0 
0 0 0 1 0 1 0 0 
0 0 0 0 0 0 0 0 
0 0 0 0 0 0 0 0 
0 1 0 0 0 0 0 0 
0 0 0 0 0 0 1 0 
0 0 0 0 0 0 0 1 
Random Restart!


------------------------------------
Starting Board
Current State (Heuristic): 8
0 0 0 1 0 0 0 0 
0 0 1 0 0 0 0 1 
0 0 0 0 1 0 0 0 
0 1 0 0 0 0 1 0 
1 0 0 0 0 1 0 0 
0 0 0 0 0 0 0 0 
0 0 0 0 0 0 0 0 
0 0 0 0 0 0 0 0 

Step No.88
Current State (Heuristic): 5
0 0 0 1 0 0 0 0 
0 0 1 0 0 0 0 1 
0 0 0 0 1 0 0 0 
0 1 0 0 0 0 0 0 
1 0 0 0 0 1 0 0 
0 0 0 0 0 0 0 0 
0 0 0 0 0 0 1 0 
0 0 0 0 0 0 0 0 

Step No.89
Current State (Heuristic): 4
0 0 0 1 0 0 0 0 
0 0 1 0 0 0 0 1 
0 0 0 0 1 0 0 0 
0 1 0 0 0 0 0 0 
1 0 0 0 0 0 0 0 
0 0 0 0 0 0 0 0 
0 0 0 0 0 1 1 0 
0 0 0 0 0 0 0 0 

Step No.90
Current State (Heuristic): 2
0 0 0 1 0 0 0 0 
0 0 0 0 0 0 0 1 
0 0 0 0 1 0 0 0 
0 1 0 0 0 0 0 0 
1 0 0 0 0 0 0 0 
0 0 0 0 0 0 0 0 
0 0 0 0 0 1 1 0 
0 0 1 0 0 0 0 0 
Random Restart!


------------------------------------
Starting Board
Current State (Heuristic): 9
1 1 0 0 0 0 0 0 
0 0 1 1 0 0 0 0 
0 0 0 0 0 0 1 0 
0 0 0 0 0 0 0 0 
0 0 0 0 1 0 0 0 
0 0 0 0 0 1 0 0 
0 0 0 0 0 0 0 1 
0 0 0 0 0 0 0 0 

Step No.91
Current State (Heuristic): 8
1 1 0 0 0 0 0 0 
0 0 1 1 0 0 0 0 
0 0 0 0 1 0 1 0 
0 0 0 0 0 0 0 0 
0 0 0 0 0 0 0 0 
0 0 0 0 0 1 0 0 
0 0 0 0 0 0 0 1 
0 0 0 0 0 0 0 0 

Step No.92
Current State (Heuristic): 7
0 1 0 0 0 0 0 0 
0 0 1 1 0 0 0 0 
0 0 0 0 1 0 1 0 
0 0 0 0 0 0 0 0 
0 0 0 0 0 0 0 0 
1 0 0 0 0 1 0 0 
0 0 0 0 0 0 0 1 
0 0 0 0 0 0 0 0 

Step No.93
Current State (Heuristic): 5
0 1 0 0 0 0 0 0 
0 0 1 1 0 0 0 0 
0 0 0 0 0 0 1 0 
0 0 0 0 0 0 0 0 
0 0 0 0 0 0 0 0 
1 0 0 0 0 1 0 0 
0 0 0 0 0 0 0 1 
0 0 0 0 1 0 0 0 

Step No.94
Current State (Heuristic): 2
0 1 0 0 0 0 0 0 
0 0 0 1 0 0 0 0 
0 0 0 0 0 0 1 0 
0 0 0 0 0 0 0 0 
0 0 1 0 0 0 0 0 
1 0 0 0 0 1 0 0 
0 0 0 0 0 0 0 1 
0 0 0 0 1 0 0 0 
Random Restart!


------------------------------------
Starting Board
Current State (Heuristic): 8
0 1 1 0 0 1 0 0 
0 0 0 0 0 0 0 0 
1 0 0 0 0 0 0 1 
0 0 0 1 0 0 0 0 
0 0 0 0 0 0 1 0 
0 0 0 0 1 0 0 0 
0 0 0 0 0 0 0 0 
0 0 0 0 0 0 0 0 

Step No.95
Current State (Heuristic): 6
0 1 1 0 0 1 0 0 
0 0 0 0 0 0 0 0 
1 0 0 0 0 0 0 0 
0 0 0 1 0 0 0 0 
0 0 0 0 0 0 1 1 
0 0 0 0 1 0 0 0 
0 0 0 0 0 0 0 0 
0 0 0 0 0 0 0 0 

Step No.96
Current State (Heuristic): 3
0 1 0 0 0 1 0 0 
0 0 0 0 0 0 0 0 
1 0 0 0 0 0 0 0 
0 0 0 1 0 0 0 0 
0 0 0 0 0 0 1 1 
0 0 1 0 1 0 0 0 
0 0 0 0 0 0 0 0 
0 0 0 0 0 0 0 0 

Step No.97
Current State (Heuristic): 2
0 0 0 0 0 1 0 0 
0 0 0 0 0 0 0 0 
1 0 0 0 0 0 0 0 
0 0 0 1 0 0 0 0 
0 0 0 0 0 0 1 1 
0 0 1 0 1 0 0 0 
0 0 0 0 0 0 0 0 
0 1 0 0 0 0 0 0 

Step No.98
Current State (Heuristic): 1
0 0 0 0 0 1 0 0 
0 0 1 0 0 0 0 0 
1 0 0 0 0 0 0 0 
0 0 0 1 0 0 0 0 
0 0 0 0 0 0 1 1 
0 0 0 0 1 0 0 0 
0 0 0 0 0 0 0 0 
0 1 0 0 0 0 0 0 
Random Restart!


------------------------------------
Starting Board
Current State (Heuristic): 7
1 0 1 0 0 0 0 0 
0 0 0 0 0 0 0 0 
0 0 0 0 0 0 0 0 
0 0 0 0 0 0 1 0 
0 0 0 0 1 0 0 1 
0 0 0 1 0 0 0 0 
0 1 0 0 0 1 0 0 
0 0 0 0 0 0 0 0 

Step No.99
Current State (Heuristic): 6
1 0 1 0 0 0 0 0 
0 0 0 0 0 0 0 0 
0 0 0 0 0 0 0 0 
0 0 0 0 0 0 1 0 
0 0 0 0 1 0 0 0 
0 0 0 1 0 0 0 0 
0 1 0 0 0 1 0 1 
0 0 0 0 0 0 0 0 

Step No.100
Current State (Heuristic): 5
1 0 1 0 0 0 0 0 
0 0 0 0 0 0 0 0 
0 0 0 0 0 0 0 0 
0 0 0 0 0 0 1 0 
0 1 0 0 1 0 0 0 
0 0 0 1 0 0 0 0 
0 0 0 0 0 1 0 1 
0 0 0 0 0 0 0 0 

Step No.101
Current State (Heuristic): 4
1 0 1 0 1 0 0 0 
0 0 0 0 0 0 0 0 
0 0 0 0 0 0 0 0 
0 0 0 0 0 0 1 0 
0 1 0 0 0 0 0 0 
0 0 0 1 0 0 0 0 
0 0 0 0 0 1 0 1 
0 0 0 0 0 0 0 0 

Step No.102
Current State (Heuristic): 3
0 0 1 0 1 0 0 0 
1 0 0 0 0 0 0 0 
0 0 0 0 0 0 0 0 
0 0 0 0 0 0 1 0 
0 1 0 0 0 0 0 0 
0 0 0 1 0 0 0 0 
0 0 0 0 0 1 0 1 
0 0 0 0 0 0 0 0 

Step No.103
Current State (Heuristic): 2
0 0 1 0 1 0 0 0 
1 0 0 0 0 0 0 0 
0 0 0 0 0 0 0 0 
0 0 0 0 0 0 1 0 
0 1 0 0 0 0 0 0 
0 0 0 1 0 1 0 0 
0 0 0 0 0 0 0 1 
0 0 0 0 0 0 0 0 
Random Restart!


------------------------------------
Starting Board
Current State (Heuristic): 8
0 0 0 0 1 0 0 0 
0 0 0 1 0 0 0 1 
0 0 0 0 0 0 1 0 
1 0 0 0 0 1 0 0 
0 0 1 0 0 0 0 0 
0 0 0 0 0 0 0 0 
0 1 0 0 0 0 0 0 
0 0 0 0 0 0 0 0 

Step No.104
Current State (Heuristic): 5
0 0 0 0 1 0 0 0 
0 0 0 1 0 0 0 1 
0 0 0 0 0 0 0 0 
1 0 0 0 0 1 0 0 
0 0 1 0 0 0 0 0 
0 0 0 0 0 0 1 0 
0 1 0 0 0 0 0 0 
0 0 0 0 0 0 0 0 

Step No.105
Current State (Heuristic): 3
0 0 0 0 1 0 0 0 
0 0 0 1 0 0 0 1 
0 0 0 0 0 0 0 0 
1 0 0 0 0 0 0 0 
0 0 1 0 0 0 0 0 
0 0 0 0 0 0 1 0 
0 1 0 0 0 0 0 0 
0 0 0 0 0 1 0 0 

Step No.106
Current State (Heuristic): 2
0 0 0 0 1 0 0 0 
0 0 0 0 0 0 0 1 
0 0 0 1 0 0 0 0 
1 0 0 0 0 0 0 0 
0 0 1 0 0 0 0 0 
0 0 0 0 0 0 1 0 
0 1 0 0 0 0 0 0 
0 0 0 0 0 1 0 0 
Random Restart!


------------------------------------
Starting Board
Current State (Heuristic): 10
0 0 0 1 0 0 0 1 
0 0 0 0 0 0 0 0 
0 0 0 0 0 0 0 0 
0 0 0 0 1 0 1 0 
0 0 0 0 0 0 0 0 
0 1 1 0 0 1 0 0 
1 0 0 0 0 0 0 0 
0 0 0 0 0 0 0 0 

Step No.107
Current State (Heuristic): 8
0 0 0 1 0 0 0 1 
0 0 0 0 0 0 0 0 
0 0 0 0 0 0 0 0 
0 0 0 0 1 0 0 0 
0 0 0 0 0 0 0 0 
0 1 1 0 0 1 0 0 
1 0 0 0 0 0 0 0 
0 0 0 0 0 0 1 0 

Step No.108
Current State (Heuristic): 7
0 0 0 0 0 0 0 1 
0 0 0 1 0 0 0 0 
0 0 0 0 0 0 0 0 
0 0 0 0 1 0 0 0 
0 0 0 0 0 0 0 0 
0 1 1 0 0 1 0 0 
1 0 0 0 0 0 0 0 
0 0 0 0 0 0 1 0 

Step No.109
Current State (Heuristic): 6
0 0 0 0 0 0 0 0 
0 0 0 1 0 0 0 1 
0 0 0 0 0 0 0 0 
0 0 0 0 1 0 0 0 
0 0 0 0 0 0 0 0 
0 1 1 0 0 1 0 0 
1 0 0 0 0 0 0 0 
0 0 0 0 0 0 1 0 

Step No.110
Current State (Heuristic): 5
0 0 0 0 0 0 0 0 
0 0 0 1 0 0 0 1 
0 0 0 0 0 0 0 0 
0 0 0 0 1 0 0 0 
0 0 0 0 0 0 0 0 
0 1 1 0 0 0 0 0 
1 0 0 0 0 0 0 0 
0 0 0 0 0 1 1 0 

Step No.111
Current State (Heuristic): 4
0 1 0 0 0 0 0 0 
0 0 0 1 0 0 0 1 
0 0 0 0 0 0 0 0 
0 0 0 0 1 0 0 0 
0 0 0 0 0 0 0 0 
0 0 1 0 0 0 0 0 
1 0 0 0 0 0 0 0 
0 0 0 0 0 1 1 0 

Step No.112
Current State (Heuristic): 3
0 1 0 0 0 0 0 0 
0 0 0 1 0 0 0 0 
0 0 0 0 0 0 0 1 
0 0 0 0 1 0 0 0 
0 0 0 0 0 0 0 0 
0 0 1 0 0 0 0 0 
1 0 0 0 0 0 0 0 
0 0 0 0 0 1 1 0 

Step No.113
Current State (Heuristic): 1
0 1 0 0 0 0 0 0 
0 0 0 1 0 0 0 0 
0 0 0 0 0 0 0 1 
0 0 0 0 0 0 0 0 
0 0 0 0 1 0 0 0 
0 0 1 0 0 0 0 0 
1 0 0 0 0 0 0 0 
0 0 0 0 0 1 1 0 
Random Restart!


------------------------------------
Starting Board
Current State (Heuristic): 7
0 0 0 0 0 0 0 0 
0 0 0 0 1 0 0 0 
1 0 0 0 0 0 1 0 
0 0 1 1 0 1 0 0 
0 0 0 0 0 0 0 1 
0 0 0 0 0 0 0 0 
0 1 0 0 0 0 0 0 
0 0 0 0 0 0 0 0 

Step No.114
Current State (Heuristic): 5
0 0 0 0 0 0 0 0 
0 0 0 0 1 0 0 0 
1 0 0 0 0 0 1 0 
0 0 1 1 0 0 0 0 
0 0 0 0 0 0 0 1 
0 0 0 0 0 1 0 0 
0 1 0 0 0 0 0 0 
0 0 0 0 0 0 0 0 

Step No.115
Current State (Heuristic): 4
0 0 0 0 0 0 0 0 
0 0 0 0 0 0 0 0 
1 0 0 0 0 0 1 0 
0 0 1 1 0 0 0 0 
0 0 0 0 0 0 0 1 
0 0 0 0 0 1 0 0 
0 1 0 0 0 0 0 0 
0 0 0 0 1 0 0 0 

Step No.116
Current State (Heuristic): 3
0 0 0 0 0 0 0 0 
0 0 1 0 0 0 0 0 
1 0 0 0 0 0 1 0 
0 0 0 1 0 0 0 0 
0 0 0 0 0 0 0 1 
0 0 0 0 0 1 0 0 
0 1 0 0 0 0 0 0 
0 0 0 0 1 0 0 0 

Step No.117
Current State (Heuristic): 2
0 0 0 0 0 1 0 0 
0 0 1 0 0 0 0 0 
1 0 0 0 0 0 1 0 
0 0 0 1 0 0 0 0 
0 0 0 0 0 0 0 1 
0 0 0 0 0 0 0 0 
0 1 0 0 0 0 0 0 
0 0 0 0 1 0 0 0 

Step No.118
Current State (Heuristic): 1
0 0 0 0 0 1 0 0 
0 0 1 0 0 0 0 0 
1 0 0 0 0 0 1 0 
0 0 0 1 0 0 0 0 
0 0 0 0 0 0 0 0 
0 0 0 0 0 0 0 1 
0 1 0 0 0 0 0 0 
0 0 0 0 1 0 0 0 

Step No.119
Current State (Heuristic): 0
0 0 0 0 0 1 0 0 
0 0 1 0 0 0 0 0 
0 0 0 0 0 0 1 0 
0 0 0 1 0 0 0 0 
1 0 0 0 0 0 0 0 
0 0 0 0 0 0 0 1 
0 1 0 0 0 0 0 0 
0 0 0 0 1 0 0 0 

Success!
Total Steps Taken: 119
